SNP	freq_A1	Beta	P
rs2843152	0.280	0.0416	7.26E-13
rs7413494	0.612	-0.0351	1.01E-09
rs2493298	0.140	0.0485	2.10E-11
rs79598313	0.024	0.0951	3.60E-08
rs61776719	0.540	0.0357	5.74E-12
rs34232196	0.240	-0.0533	6.59E-20
rs11591147	0.015	-0.2513	1.32E-28
rs472495	0.633	0.0378	3.71E-13
rs11206803	0.471	0.0367	7.01E-14
rs56170783	0.915	0.1153	1.73E-38
rs71646019	0.208	0.0378	6.05E-10
rs12740374	0.216	-0.0955	1.36E-57
rs1230666	0.152	0.0521	5.10E-13
rs61797068	0.158	-0.0404	4.28E-09
rs67807996	0.380	0.0400	1.14E-12
rs11585169	0.553	0.0385	1.04E-14
rs6686750	0.425	0.0393	1.87E-15
rs61806987	0.576	0.0345	6.85E-12
rs60154123	0.153	0.0390	1.60E-08
rs17163363	0.695	0.0692	4.87E-36
rs16986953	0.084	0.0824	7.11E-20
rs515135	0.185	-0.0581	3.58E-19
rs4245791	0.689	-0.0487	1.01E-19
rs76866386	0.938	0.0794	1.58E-14
rs582384	0.534	0.0284	1.55E-08
rs243071	0.446	0.0285	2.65E-08
rs10176176	0.519	-0.0573	4.27E-31
rs114192718	0.077	0.0544	2.58E-08
rs4662330	0.839	0.0463	7.30E-12
rs6740731	0.171	0.0426	1.67E-10
rs10928241	0.292	0.0414	1.85E-14
rs35611688	0.660	-0.0297	1.54E-08
rs10930115	0.793	0.0404	5.07E-11
rs148812085	0.121	0.1138	5.11E-50
rs1250247	0.290	0.0481	2.37E-18
rs2161967	0.439	0.0328	6.89E-11
rs952227	0.344	-0.0373	1.12E-12
rs4140748	0.602	0.0306	1.25E-09
rs283485	0.343	0.0337	1.01E-10
rs34991912	0.433	0.0341	7.29E-12
rs34759087	0.113	-0.0534	6.23E-11
rs77347777	0.109	-0.0509	1.51E-09
rs17843797	0.877	-0.0588	1.50E-14
rs34330586	0.771	0.0466	3.50E-15
rs185244	0.162	0.0595	3.22E-19
rs357494	0.869	0.0570	4.91E-14
rs4266144	0.685	-0.0310	5.60E-09
rs34229028	0.607	-0.0342	3.11E-09
rs17083333	0.312	-0.0303	1.23E-08
rs781663	0.801	-0.0428	1.07E-11
rs12500824	0.355	0.0303	3.15E-09
rs10857147	0.707	-0.0413	5.13E-14
rs36002015	0.321	-0.0412	8.20E-13
rs7678555	0.712	-0.0445	3.08E-16
rs13124853	0.531	0.0294	3.14E-09
rs13120678	0.750	0.0458	3.53E-15
rs6841581	0.148	0.0784	2.65E-30
rs7440763	0.874	-0.0596	4.44E-15
rs3796587	0.813	0.0636	6.04E-23
rs869396	0.480	-0.0337	8.86E-12
rs17263917	0.150	-0.0557	1.45E-15
rs4074793	0.923	-0.0527	1.61E-08
rs62362364	0.208	-0.0376	2.94E-09
rs3936510	0.187	0.0461	2.60E-13
rs12916	0.593	-0.0284	1.31E-08
rs112949822	0.083	-0.0546	1.14E-09
rs13169691	0.151	0.0400	2.58E-08
rs4345341	0.182	0.0378	3.87E-09
rs6883598	0.735	-0.0341	9.74E-10
rs10477741	0.867	-0.0482	3.49E-11
rs249760	0.244	0.0319	4.05E-08
rs3776307	0.549	-0.0359	6.70E-12
rs72836800	0.873	0.0507	3.11E-11
rs9349379	0.586	-0.1138	4.02E-114
rs6909752	0.347	0.0349	1.67E-11
rs9266631	0.207	-0.0429	5.92E-11
rs9469899	0.358	0.0349	1.47E-11
rs733701	0.254	0.0427	2.82E-13
rs1034246	0.263	-0.0351	6.39E-10
rs6905288	0.571	0.0365	5.02E-13
rs11752218	0.067	0.0749	4.01E-14
rs9361867	0.458	-0.0355	5.11E-12
rs2983896	0.220	-0.0358	1.44E-09
rs35510806	0.519	0.0333	5.13E-10
rs6919211	0.816	-0.0361	1.00E-08
rs2327426	0.698	0.0607	4.47E-30
rs2492304	0.489	0.0353	1.06E-12
rs17080093	0.078	-0.0507	2.39E-08
rs6932293	0.973	-0.2623	1.73E-37
rs56195640	0.117	0.0915	2.58E-10
rs10455872	0.932	-0.3040	2.18E-186
rs73596816	0.034	0.1061	3.56E-13
rs79018195	0.991	-0.3452	3.38E-09
rs192425087	0.990	-0.3479	7.15E-13
rs1998043	0.835	-0.0621	1.46E-20
rs28867400	0.009	0.3638	2.70E-15
rs186696265	0.014	0.5172	8.54E-116
rs184278183	0.008	0.3684	2.47E-33
rs62435159	0.236	-0.0376	2.46E-08
rs10951983	0.782	0.0402	1.22E-10
rs2107595	0.176	0.0649	3.61E-24
rs10486389	0.719	-0.0349	6.51E-10
rs2215614	0.622	0.0339	2.96E-11
rs2107732	0.092	-0.0495	1.53E-08
rs12112877	0.713	-0.0348	3.72E-10
rs13222797	0.581	-0.0307	5.51E-10
rs11556924	0.355	-0.0498	3.78E-21
rs756142636	0.217	-0.0359	3.81E-08
rs3918226	0.081	0.1119	4.60E-32
rs4646249	0.295	0.0345	8.18E-10
rs268	0.982	-0.1320	4.10E-11
rs894211	0.265	-0.0462	1.38E-16
rs66778572	0.282	-0.0391	1.33E-12
rs56408342	0.058	0.0787	2.30E-12
rs1510758	0.745	0.0315	3.09E-08
rs34917849	0.128	0.0418	1.11E-08
rs2001846	0.473	0.0472	6.02E-22
rs10961206	0.904	0.0521	8.10E-10
rs10811183	0.171	0.0369	1.60E-08
rs11523031	0.556	0.0446	3.55E-19
rs76959412	0.016	-0.1272	2.87E-09
rs2891168	0.516	-0.1743	4.99E-278
rs6475608	0.397	-0.0896	1.07E-41
rs1967604	0.282	0.0448	4.64E-16
rs41312891	0.066	-0.0623	5.87E-09
rs885150	0.731	-0.0374	1.98E-11
rs651007	0.206	0.0538	1.28E-18
rs17566555	0.497	-0.0323	4.33E-11
rs9337951	0.332	0.0544	1.39E-23
rs1870634	0.345	-0.0523	5.24E-24
rs2457480	0.902	0.1043	2.98E-17
rs494207	0.131	-0.0760	9.94E-25
rs17680741	0.705	0.0341	2.27E-10
rs1051338	0.689	-0.0587	1.40E-28
rs55753709	0.664	-0.0379	2.18E-13
rs884811	0.557	0.0292	3.09E-09
rs77787671	0.094	-0.0685	2.76E-15
rs2067831	0.271	0.0418	2.61E-14
rs2672592	0.363	-0.0323	2.47E-10
rs11601507	0.075	0.0621	4.40E-11
rs4537761	0.913	-0.0555	1.75E-09
rs360153	0.419	-0.0378	2.98E-14
rs11316597	0.692	0.0343	7.73E-09
rs7118294	0.493	-0.0330	1.80E-11
rs2306363	0.205	-0.0412	1.46E-11
rs584961	0.115	-0.0617	1.50E-14
rs633185	0.701	0.0387	5.57E-13
rs1892971	0.223	-0.0385	5.14E-10
rs2839812	0.705	-0.0652	1.90E-33
rs10488763	0.865	-0.0407	1.31E-08
rs964184	0.848	-0.0583	4.41E-17
rs1177562	0.398	0.0329	7.60E-11
rs4938809	0.666	-0.0295	4.59E-08
rs10790800	0.675	0.0303	9.12E-09
rs72447384	0.123	-0.0563	2.45E-11
rs10841443	0.328	-0.0401	3.85E-14
rs75160195	0.053	0.0937	5.31E-17
rs2681472	0.816	-0.0550	2.46E-18
rs11107903	0.075	-0.0831	5.29E-18
rs10774625	0.460	0.0566	1.47E-28
rs34606058	0.626	-0.0294	7.69E-09
rs2244608	0.669	-0.0485	2.35E-20
rs7133378	0.317	-0.0312	3.96E-09
rs7485656	0.835	-0.0665	2.66E-22
rs7296737	0.398	-0.0364	6.54E-13
rs17086617	0.689	-0.0396	1.02E-13
rs7991314	0.641	0.0289	1.79E-08
rs8000794	0.459	0.0271	4.32E-08
rs11617955	0.116	-0.0777	1.19E-22
rs3783113	0.358	0.0398	6.53E-15
rs11619113	0.875	-0.0673	2.22E-19
rs4773141	0.638	-0.0472	3.12E-18
rs9515203	0.742	0.0629	6.49E-28
rs7333991	0.784	-0.0505	5.08E-17
rs4907571	0.713	-0.0356	2.79E-08
rs10131894	0.441	-0.0360	7.59E-13
rs112635299	0.017	-0.1388	1.98E-10
rs36033161	0.828	0.0681	1.34E-24
rs588136	0.781	-0.0370	6.97E-10
rs56062135	0.225	-0.0578	2.27E-22
rs112238647	0.060	-0.0691	1.07E-09
rs7177201	0.290	0.0753	3.42E-32
rs7173743	0.554	0.0687	3.26E-44
rs2683260	0.185	0.0407	2.63E-10
rs1807214	0.898	0.0643	2.35E-13
rs7183988	0.468	0.0604	2.69E-33
rs17581137	0.752	0.0327	8.32E-09
rs12691049	0.419	-0.0300	2.54E-09
rs12446515	0.315	-0.0372	9.75E-12
rs12445401	0.800	-0.0362	9.49E-09
rs8046696	0.422	-0.0469	1.64E-20
rs10493891	0.268	-0.0323	2.05E-08
rs7189462	0.403	0.0290	7.76E-09
rs7500448	0.758	0.0500	1.11E-17
rs4790881	0.696	0.0483	1.29E-19
rs12936927	0.604	-0.0352	2.92E-10
rs11080107	0.512	-0.0339	5.84E-12
rs12952244	0.869	-0.0531	1.84E-10
rs8068844	0.656	-0.0317	6.96E-10
rs17608766	0.869	-0.0444	1.69E-09
rs4643373	0.720	0.0382	4.49E-12
rs5820757	0.551	-0.0474	7.30E-17
rs11655024	0.198	0.0449	3.92E-12
rs11079536	0.540	0.0353	1.01E-12
rs2909217	0.790	0.0358	3.83E-09
rs2410859	0.670	0.0311	4.32E-09
rs9951447	0.586	-0.0324	3.50E-10
rs9945890	0.642	0.0345	2.53E-11
rs12965923	0.231	0.0386	5.62E-11
rs11663411	0.712	-0.0300	2.60E-08
rs476828	0.745	-0.0328	1.43E-08
rs116843064	0.022	-0.1773	3.56E-21
rs55997232	0.107	-0.1145	2.33E-44
rs10422256	0.500	0.0315	2.88E-10
rs72658867	0.016	-0.1971	2.80E-14
rs167479	0.471	-0.0354	5.63E-11
rs7246865	0.274	0.0331	1.92E-08
rs10410487	0.461	-0.0396	3.34E-15
rs78030362	0.927	-0.0927	1.05E-20
rs768453105	0.170	0.0682	7.27E-21
rs11466359	0.162	-0.0552	5.47E-16
rs1800469	0.311	0.0416	4.19E-15
rs429358	0.848	-0.0914	3.73E-38
rs7412	0.075	-0.1537	1.04E-54
rs183657985	0.253	0.0401	2.08E-10
rs8108474	0.350	0.0349	1.12E-11
rs1132274	0.168	0.0371	1.80E-08
rs6088595	0.364	0.0330	9.89E-11
rs17406518	0.894	0.0472	2.98E-09
rs2207132	0.036	0.0916	6.65E-10
rs6102343	0.235	0.0339	5.18E-09
rs8124182	0.156	0.0471	4.46E-12
rs2008614	0.861	0.0433	1.46E-09
rs6026739	0.874	-0.0482	1.12E-10
rs28451064	0.129	0.1091	1.64E-46
rs149487184	0.024	0.0965	4.11E-08
rs71313931	0.705	-0.0324	2.30E-09
rs12484557	0.938	0.0596	4.01E-09
rs5760309	0.026	-0.1032	3.49E-09
rs6006426	0.556	0.0338	9.90E-12
rs139012	0.271	-0.0324	2.13E-08