BMI	WHR	FG	LDL	TG	SBP	DBP
0.20772396	0.12317956	0.171111351385148	0.9541653404544	0.46330442572	0.123619536684528	0.137804855577253
0.30322608	0.2245146	0.321492402936937	1.8074052328	0.786859960576	0.247055151363403	0.262860638728707
0.380164824	0.28100276	0.44428079058384	2.446118837186	0.999772658494	0.369399761261806	0.369559124473128
0.45460822	0.33639412	0.529598451588494	2.827591226792	1.20399646993	0.491288672405479	0.47521796007363
0.52140988	0.38664012	0.6139655040452	3.170610438364	1.403806491682	0.603289195571445	0.564154889485864
0.58773364	0.43379736	0.697674164006456	3.402086247724	1.5874019733457	0.714337682611634	0.651496210157909
0.65297824	0.48070104	0.765790233414657	3.6266497481008	1.70002402131376	0.819321774979921	0.734954064209073
0.71796148	0.5275356	0.831716857734737	3.8314354477424	1.8117879642829	0.923717960158202	0.816385968393588
0.77833652	0.57361002	0.895940580319613	4.0234567263152	1.9224729133303	1.01804333215846	0.894503459673865
0.838416024	0.61930152	0.959672683838501	4.2098836785924	2.03273011793542	1.10815255488133	0.970649706434083
0.898246344	0.66473624	1.02313867497211	4.36438627837314	2.13608156106622	1.19783414804882	1.04676182776287
0.957310304	0.70707304	1.0818668505052	4.51504632084906	2.23395700761972	1.28666173412814	1.11836959024281
1.015851104	0.74688664	1.13277552750201	4.64033715130064	2.32962144122592	1.37429812667964	1.18750417281815
1.071961344	0.78669758	1.17979693338857	4.75386804287696	2.42471270399712	1.46127523269732	1.25656648086942
1.126028144	0.8253793	1.22295789693396	4.86703667386032	2.51857980622944	1.54813805563631	1.32554047207989
1.178993684	0.8636913	1.26560258794987	4.97829274895048	2.60513220629344	1.63482930228567	1.39383852745167
1.228890644	0.90180828	1.30637869145392	5.08916974980232	2.67896135559376	1.71883291314299	1.45930085665276
1.276810362	0.93939804	1.34470866380885	5.1991837118746	2.750889282646	1.79770566269146	1.5223560870626
1.324657262	0.97690494	1.38017629654285	5.3079091927498	2.8219353509596	1.87606243369085	1.58519899225256
1.369732382	1.01411414	1.41461500972725	5.41489180436794	2.8886306339356	1.95405427347618	1.64707256886123
1.41416135	1.04944994	1.448647665866	5.52143627795986	2.94832464534056	2.03148939537211	1.70805247592289
1.45824819	1.0843829	1.47858784706607	5.62763193255174	3.00785328600356	2.10835821888751	1.76849298811768
1.501660482	1.11791102	1.50689183590271	5.72606477529266	3.0668412112325	2.18472231097563	1.82746371087925
1.544520122	1.15016106	1.53377426252864	5.80695163081598	3.12538812440992	2.26061037914481	1.88599063483464
1.586888882	1.18039154	1.55818119137982	5.88739936543038	3.18235230130768	2.33572533798669	1.94276712599501
1.629103082	1.21030974	1.58193552855049	5.9640468316083	3.2368525495816	2.41082025392578	1.9992851310288
1.671100362	1.2395902	1.60125369249741	6.03995850964446	3.28926223796998	2.48543018151084	2.05528926612137
1.713093012	1.26856228	1.61658959698946	6.11502247036566	3.34107007985054	2.55886465310589	2.1112137502891
1.754863412	1.29714628	1.63103652659228	6.1891435348559	3.39091685275164	2.62981591761617	2.16634357538253
1.796408852	1.32569418	1.64532828439551	6.2618295528623	3.4407142847942	2.70067885187211	2.22079746089954
1.835531852	1.35406338	1.65896164970329	6.33331160690658	3.488054186843	2.77152231828897	2.27518063239276
1.872955392	1.38191246	1.67069524811891	6.40305100068486	3.5347807174634	2.84213093149753	2.32834319364351
1.909699438	1.40862446	1.68208406059667	6.47180503322366	3.5796483707282	2.91240052883768	2.38087134892068
1.946431878	1.43505212	1.69231343518871	6.53856084000728	3.6239014244756	2.98080694083894	2.43300397063768
1.982752638	1.46107148	1.70192103492959	6.60202417173688	3.6679654571918	3.04411230114755	2.48425109908163
2.018849342	1.4866286	1.7098173942638	6.66202463306846	3.711665248523	3.106877013728	2.53548901029514
2.054473742	1.5120716	NA	6.72162057881422	3.7553631495388	3.16917494205878	2.58668969376528
2.089634302	1.5374354	NA	6.77933717108994	3.7980813588936	3.2288958061143	2.63740087726274
2.124679802	1.56268128	NA	6.8358722137503	3.83852234284236	3.28708811217853	2.68806763415802
2.159651242	1.58725188	NA	6.8921768617691	3.87870805693836	3.34325533431574	2.73828853836711
2.194119082	1.61134608	NA	6.9483119551499	3.91888489267516	3.3990302388545	2.78802996718261
2.227481562	1.63506142	NA	7.0040844135377	3.95849824264996	3.45278991167792	2.83748258570667
2.260610922	1.65858646	NA	7.05917121607622	3.99752758397396	3.50426386436702	2.88660277094803
2.293301262	1.68175338	NA	7.11348359701848	4.03520297895176	3.55560756688259	2.93540125578471
2.325766782	1.70485298	NA	7.16771086557862	4.07254732571516	3.60681771641475	2.98392390210538
2.357964222	1.72758498	NA	7.22017683437742	4.109785926439	3.65794704080101	3.03163820367079
2.390120682	1.75022908	NA	7.27235036584722	4.14673323254748	3.70858511320651	3.07864720022144
2.422216042	1.77283408	NA	7.32216121273962	4.18286201515368	3.75891387863579	3.12505543219452
2.454217442	1.7952631	NA	7.37197039137182	4.21893335489834	3.80873430648471	3.17045427651607
2.486163842	1.81722218	NA	7.42129318929082	4.25496662210634	3.85726501751792	3.21518134321826
2.517929042	1.83879986	NA	7.47031560949982	4.29094146309834	3.9057197967172	3.25960021578591
2.549073222	1.86028366	NA	7.51919757923282	4.32561611572514	3.95416827012624	3.30398802785684
2.579967722	1.88173472	NA	7.56791064026764	4.36019038337834	4.00091880995641	3.34819333614868
2.609982082	1.90293684	NA	7.6162943178601	4.39454080759834	4.04719966210934	3.39225210505369
2.639693842	1.92409782	NA	7.66333024829148	4.4286107003957	4.09312216524383	3.43598402109979
2.668728462	1.94449766	NA	7.70975940564954	4.4622683212619	4.13860967074595	3.47958037172034
2.697531702	1.96483226	NA	7.75563578957946	4.49587468759564	4.18351941524323	3.52302978862405
2.726297302	1.9849385	NA	7.80128267965266	4.52924894018384	4.22832186995187	3.5660784671852
2.755059622	2.00503366	NA	7.84615549710966	4.56210577823024	4.27262402625999	3.60874853286831
2.783606602	2.02491796	NA	7.88982389941686	4.59427476472304	4.31684515831666	3.64970196787461
2.811580762	2.04444544	NA	7.93304070653486	4.62638141266256	4.36088630597296	3.69047444838894
2.839419322	2.0638595	NA	7.97623728868126	4.65837591613762	4.40458605435015	3.73121169149859
2.867046842	2.0830463	NA	8.01931471695646	4.69035976148162	4.44778163230926	3.77150918375849
2.894583082	2.1021038	NA	8.06180286363286	4.72232514335858	4.49095258091041	3.81115995984674
2.921917642	2.12112258	NA	8.10317128720486	4.75411069148018	4.53310957624099	3.85068961868637
2.949016282	2.139944	NA	8.14449272530358	4.78580893205918	4.5745259691552	3.89017483971064
2.976100342	2.1586	NA	8.18551510120358	4.81741047060318	4.61499237555972	3.92949269287419
3.003089962	2.1772412	NA	8.22536521298458	4.84831414505754	4.65508064185298	3.9687241260925
3.029923642	2.195878	NA	8.26331803371458	4.87889026880634	4.69510395522723	4.0076833706835
3.056614042	2.21449504	NA	8.30105831098838	4.90843405440774	4.73490520382628	4.04647487177238
3.083287882	2.23304944	NA	8.3386546424556	4.93719264559494	4.77466638301668	4.08467182972737
3.109847822	2.25147532	NA	8.37610180090976	4.96582693704274	4.81323262315227	4.12274360005094
3.136268222	2.26983652	NA	8.41325485074076	4.99437741589834	4.8516484484058	4.16062306814872
3.162571382	2.28806872	NA	8.45009321049956	5.02242343210534	4.88989115722962	4.19791254566194
3.188739602	2.30610558	NA	8.48678895227556	5.05006925305494	4.92802434979613	4.23517860071995
3.214867922	2.32399808	NA	8.52320949274176	5.07768972186294	4.96609582080978	4.27222042590318
3.240866362	2.34188544	NA	8.55934643629356	5.10522617111094	5.00415594397763	4.30911638822785
3.266649322	2.35955808	NA	8.59533160753338	5.13220694871094	5.042044637257	4.34580143258618
3.292338482	2.37711896	NA	8.63111116427904	5.15850198541494	5.07989273291237	4.38226104352221
3.318013062	2.39452904	NA	8.66635318882824	5.18462822617354	5.11772965288969	4.41871962284607
3.343671622	2.41184858	NA	8.6999054421852	5.21071789489034	5.15541664403676	4.45505663639428
3.369243382	2.42915482	NA	8.7333424745678	5.23667329366874	5.19286003304292	4.49137888966552
3.394677682	2.44643026	NA	8.7667183640791	5.26241234083194	5.23027795996139	4.52706891045042
3.419809462	2.46368026	NA	8.8000026059399	5.28750659174234	5.26766246525453	4.56256945099208
3.444890362	2.48090642	NA	8.8331201423111	5.31244874545754	5.30492825678464	4.59758091018629
3.469885162	2.49810672	NA	8.8657682316843	5.33730283608794	5.34196063218013	4.63223521665194
3.494815662	2.51522642	NA	8.8982628491459	5.36204957233734	5.37856194637731	4.66651339769572
3.519712162	2.53228392	NA	8.9303019582755	5.38675803129814	5.41511178827321	4.70061036260676
3.544608382	2.54932872	NA	8.9618938004051	5.41130645978614	5.45149074840652	4.73453216649995
3.569396782	2.56628772	NA	8.9934458070963	5.43569919846214	5.48775734390179	4.76840360454556
3.593957422	2.5829872	NA	9.02417176174474	5.46006038718414	5.52402087317141	4.80192911798922
3.618451822	2.59958336	NA	9.05478807059962	5.48439929337414	5.55996781874214	4.83527963113722
3.642931822	2.61616216	NA	9.08525475284482	5.50864347968054	5.59589937345297	4.86841800408272
3.667406862	2.63268056	NA	9.11554686689442	5.53257356442314	5.63162563861777	4.90148003025251
3.691872462	2.64919004	NA	9.14493445175182	5.55643713212414	5.66719620908949	4.93445820242543
3.716318702	2.66566162	NA	9.17425160855762	5.58007034173214	5.70229652384751	4.9668923692474
3.740680182	2.68204522	NA	9.20322897570662	5.60288180197574	5.73725233715865	4.99920787450622
3.764985482	2.69832634	NA	9.23215393079722	5.62558875819474	5.77210459918086	5.03148461207887
3.789243982	2.7145834	NA	9.26078255425802	5.64817548591774	5.80675167003861	5.06368344050666
3.813313982	2.7306726	NA	9.28910250806102	5.67063116150574	5.84134152030039	5.09583932434031
3.837230222	2.74633092	NA	9.31681122592982	5.69271418990674	5.87591772363275	5.12792350925958
3.861111502	2.76183102	NA	9.34445152749782	5.71477651329634	5.91048828173682	5.15983292188443
3.884862782	2.7770143	NA	9.37205421395222	5.73672245539234	5.94481009140683	5.19168383537157
3.908486382	2.79217858	NA	9.39932124733622	5.75820076904914	5.97879006962154	5.22351138807598
3.932086462	2.8072818	NA	9.42654468898142	5.77954177070194	6.01271506893467	5.25517348102839
3.955608142	2.82226636	NA	9.45301473071102	5.80078671636694	6.0460981286759	5.28672841900481
3.978944942	2.83720056	NA	9.47946285240902	5.82196507876694	6.07943777403504	5.31810490302744
4.002119702	2.85205276	NA	9.50577276422022	5.84302062322994	6.1124609750692	5.34935747211411
4.025277782	2.86685524	NA	9.53206234004102	5.86342907714474	6.1440908189868	5.38046734045777
4.048072082	2.88159888	NA	9.55804751881862	5.88364311642114	6.17551547056874	5.4115760949593
4.070844842	2.89630952	NA	9.58400213278822	5.90369924817834	6.20690496010851	5.44266812314039
4.093502542	2.91099206	NA	9.60938596172022	5.92362899470554	6.23822166953828	5.47372484103116
4.116134542	2.92562866	NA	9.63471589689302	5.94335427000954	6.26952774321744	5.50475072642643
4.138751642	2.9401623	NA	9.65991659595462	5.96307797452154	6.30076407490323	5.53559592270823
4.161366202	2.9545193	NA	9.68510902280102	5.98240502500194	6.3316222325127	5.56638951221767
4.183953962	2.9688185	NA	9.71029107150542	6.00164179789674	6.36248009029261	5.59688770369492
4.206536402	2.9830275	NA	9.73524584985302	6.02061307113174	6.39333260501622	5.62729956867007
4.229088162	2.9971694	NA	9.75994040875862	6.03949362967674	6.42417186633669	5.65755060306594
4.251610122	3.01125104	NA	9.78457561076862	6.05837049258414	6.45486713451506	5.6877480478262
4.274070762	3.0252184	NA	9.80911950026742	6.07724599119894	6.48543922545218	5.71789535847784
4.296458442	3.03915652	NA	9.83342701882982	6.09609032431974	6.51598809365357	5.74793879774511
4.318677642	3.05304076	NA	9.85758723966902	6.11480189354374	6.5465008569894	5.77787092381705
4.340842922	3.06688468	NA	9.88168425618822	6.13348958050674	6.57697430986012	5.80778802984012
4.362947882	3.08053668	NA	9.90566315532102	6.15199870811874	6.60722731773796	5.83741633491606
4.385018942	3.09407664	NA	9.92960272929542	6.17044332061254	6.63743301344953	5.86696640940276
4.406817342	3.10753398	NA	9.95319093579442	6.18868516993054	6.66753397026607	5.89634352252292
4.428582222	3.12086058	NA	9.97670975941042	6.20682118903214	6.69761303952534	5.92569483225689
4.450321802	3.13410802	NA	10.0000825581968	6.22492581446894	6.72768405203663	5.95501866223491
4.471910262	3.14725618	NA	10.0234450149776	6.24296233074654	6.75735114612249	5.98428226063957
4.493497162	3.16030978	NA	10.046537511072	6.26071054150894	6.78686123258978	6.01344322858465
4.515078722	3.17331714	NA	10.069623043212	6.27832222134094	6.81636664827484	6.04240766880554
4.536406322	3.18631978	NA	10.0925288654752	6.29592820126714	6.84586508355315	6.07116722748636
4.557724222	3.19916652	NA	10.1153717535592	6.31336882521114	6.87534032537596	6.09988043276764
4.579021102	3.2120108	NA	10.1381037897156	6.33079067363334	6.90475914419626	6.1284410080388
4.600110942	3.2247302	NA	10.1607147807986	6.34816094916134	6.93401933795811	6.15692849209293
4.621144642	3.23729558	NA	10.1830626069554	6.36543573020174	6.9631291824256	6.18539357969744
4.642159202	3.24969422	NA	10.2053388245894	6.38270834287874	6.99218988998292	6.21381644595764
4.663147342	3.2620819	NA	10.2275323782244	6.39993310807774	7.02116984735175	6.24219374187175
4.684029742	3.2743991	NA	10.249527889552	6.41709858547174	7.05008494081346	6.27050255518403
4.704830942	3.28666508	NA	10.2714375121212	6.43386716790634	7.07897921486069	6.2985320258629
4.725593502	3.29892502	NA	10.2932171137944	6.45051059979974	7.10771499268247	6.32655037307146
4.746201642	3.31111792	NA	10.314851350668	6.46711276616314	7.13642012113108	6.35456176063562
4.766801562	3.32312264	NA	10.3361267481512	6.48367760678554	7.16505858201043	6.38252248146532
4.787389962	3.3351008	NA	10.3571523998112	6.50010195854914	7.19366758346514	6.41027409338769
4.807911102	3.34706774	NA	10.3776326493696	6.51650051271554	7.22225471024589	6.43785887568177
4.828378542	3.35878868	NA	10.3979485924096	6.53287097330874	7.25079002156107	6.464943808242
4.848772542	3.37041264	NA	10.4182149743496	6.54918446626914	7.27887946759383	6.49201409639474
4.869154902	3.38185776	NA	10.4383843062624	6.56548971992994	7.3066837066218	6.51905758505753
4.889375622	3.39328918	NA	10.4584383160368	6.58171256696234	7.33428612756775	6.54607353789848
4.909550622	3.40455742	NA	10.4784727390896	6.59768928661514	7.36162766166764	6.57264399874372
4.929689622	3.41573864	NA	10.4982634109472	6.61357035318074	7.38855879704167	6.59920198306211
4.949744502	3.42691772	NA	10.5180159068808	6.62936708780954	7.41547901089005	6.62574161888731
4.969779382	3.43807594	NA	10.5368548976488	6.64516309584154	7.44234121357626	6.65222258737717
4.989740242	3.44906692	NA	10.5555752058778	6.66064004045214	7.4691986260169	6.6786863941016
5.009588322	3.46005664	NA	10.5739677676456	6.67596990485914	7.49599656796873	6.70514511565084
5.029407942	3.47095924	NA	10.5923529750814	6.69129153761914	7.52270602975143	6.73159446298518
5.049224742	3.48184004	NA	10.6105946292414	6.70651275979894	7.54926728321018	6.75802536090774
5.069036022	3.49269512	NA	10.6287126300194	6.72168248433574	7.57559444708902	6.78441189763831
5.088699182	3.50353272	NA	10.6467067084294	6.73665009285574	7.60189000003194	6.81051282730797
5.108285782	3.51436424	NA	10.6645548614984	6.75160740524134	7.62815616967881	6.83657303259229
5.127851242	3.52517828	NA	10.6823014094924	6.76637278559214	7.65437206165777	6.86248387837609
5.147392522	3.53589444	NA	10.7000257355378	6.78100111450454	7.68057734248152	6.88838323065478
5.166797322	3.54652116	NA	10.7177278360664	6.79560245291254	7.70659188954698	6.91427678572162
5.186080242	3.55702308	NA	10.7351285098786	6.81005279083414	7.7325087226301	6.9400588593955
5.205354842	3.56740488	NA	10.7525240764398	6.82450162163134	7.75829426316352	6.96549418429902
5.224576342	3.57771168	NA	10.7698687906462	6.83882848659774	7.78398731330757	6.99070206488406
5.243767822	3.58795128	NA	10.7868092020102	6.85312607977534	7.80956465969618	7.01574334571091
5.262905322	3.59818488	NA	10.8036710965502	6.86729198761534	7.83485767631566	7.04077626711526
5.282029642	3.60826488	NA	10.8203774995082	6.88141192925774	7.85984968748964	7.06578418126891
5.301141742	3.6182676	NA	10.8369707807198	6.89550446034674	7.88476830132638	7.09074003451657
5.320215682	3.62822926	NA	10.8535318504428	6.90955391061314	7.90964309788507	7.11568765729326
5.339271922	3.63813374	NA	10.869992616834	6.92335784971274	7.93448137848378	7.14046848408119
5.358299282	3.64803038	NA	10.8863960478212	6.93712362787994	7.95921215730497	7.16517689057376
5.377179782	3.6578804	NA	10.9025836905462	6.95084586996314	7.98377099441927	7.18974185812258
5.396024102	3.6676352	NA	10.9187460535902	6.96454469664314	8.00830180566898	7.21430409526311
5.414861782	3.677354	NA	10.9348784576142	6.97791199496154	8.03280679761219	7.23885440906014
5.433645082	3.68706608	NA	10.9509675824814	6.99122595764154	8.05722718725988	7.26340085804926
5.452326682	3.69677662	NA	10.9670543881674	7.00444266959754	8.08164292486469	7.28793675357118
5.470956862	3.70648634	NA	10.983068877921	7.01765406187106	8.10597754803494	7.31245613395413
5.489500862	3.71617858	NA	10.9990713763642	7.03077773365706	8.13029658241093	7.33696800150935
5.508033082	3.72584818	NA	11.0149928053078	7.04383457407446	8.15456543750057	7.3614697435669
5.526525082	3.7354321	NA	11.0308236734014	7.05675117163386	8.17883007506594	7.38593937108921
5.544960642	3.7449703	NA	11.0466332877168	7.06962270918546	8.20294446640337	7.41035793007158
5.563357862	3.75447508	NA	11.062432397373	7.08214486935366	8.22684401112781	7.43476054391808
5.581752282	3.76395602	NA	11.078223331488	7.09463967161766	8.25062428576484	7.45904503443388
5.600060982	3.77332052	NA	11.0938369231096	7.10708812282566	8.27434841614716	7.4832543705083
5.618183802	3.78237748	NA	11.1094209922522	7.11947161308766	8.29800977440196	7.50739159091198
5.636304762	3.79136776	NA	11.1249848552294	7.13184599295166	8.32166415693485	7.53119702279056
5.654403522	3.80027344	NA	11.1403038584618	7.14402639184846	8.34531192447827	7.55475820740685
5.672478222	3.80900248	NA	11.1555621936014	7.15593696413646	8.3689284160516	7.57828309310449
5.690540422	3.81766428	NA	11.1704567409122	7.16758590515346	8.39253399664015	7.60164735940432
5.708565982	3.8262229	NA	11.185161024989	7.17921363649626	8.4161384165604	7.62470730011524
5.726572382	3.8347255	NA	11.1996988396454	7.19083076561386	8.43963986259785	7.64762299453376
5.744578622	3.84315674	NA	11.2138088928156	7.20243156196786	8.46305513340586	7.67047292367671
5.762583362	3.85153868	NA	11.2278811962104	7.21402880103666	8.48643582309145	7.69331274227289
5.780585162	3.85989458	NA	11.241857300956	7.22557659222466	8.50954378500611	7.71609073889363
5.798438282	3.8682334	NA	11.2557351094858	7.23711970262866	8.53264485201229	7.73871939470247
5.816284682	3.87642742	NA	11.2695552237922	7.24860114232566	8.55561364148185	7.76118303367976
5.834124602	3.88458412	NA	11.2832075400474	7.26004636758006	8.57849631428243	7.78358175210738
5.851924982	3.89272112	NA	11.2968520173024	7.27144222714536	8.60136866404524	7.80597862970533
5.869592542	3.90083832	NA	11.310426469218	7.28282949698476	8.62423404042856	7.82836156371927
5.887226182	3.90893554	NA	11.3239549932088	7.29411997266296	8.64694135510504	7.85054904647391
5.904825022	3.91697402	NA	11.3373704059328	7.30537461619136	8.66962605138973	7.87272781098443
5.922336022	3.92500754	NA	11.350290832915	7.31645091413296	8.69228246648622	7.89484087749844
5.939844862	3.93303638	NA	11.3630359073908	7.32741145453456	8.71478141367893	7.91694328588893
5.957324542	3.94103388	NA	11.3757719035552	7.33829018672236	8.73706158133821	7.93897028567273
5.974753682	3.94900704	NA	11.3884396886604	7.34912779574812	8.7593065201964	7.96097844732133
5.992181682	3.9569724	NA	11.4008304168064	7.35975228049812	8.78149654925434	7.98297372876876
6.009608322	3.96493542	NA	11.4131530271632	7.3703323874322	8.8036188098064	8.00493271503527
6.027030702	3.97286622	NA	11.4254733100612	7.3808359456012	8.82574098954502	8.02672843746336
6.044426502	3.98079018	NA	11.4377395435612	7.3912180657808	8.84784887467553	8.04848597902814
6.061781382	3.98868358	NA	11.4499508246674	7.4015116855394	8.86994780239819	8.07020472674267
6.079093182	3.99657622	NA	11.4619954062274	7.41177195836714	8.89201581839681	8.09180126953054
6.096381262	4.00443862	NA	11.4739943030914	7.42195325260574	8.91404061326287	8.11338465739442
6.113656462	4.01229238	NA	11.4859196114342	7.43210393617334	8.93596318264879	8.13487586734734
6.130882022	4.02007828	NA	11.4976903484358	7.44224916252134	8.95782725364953	8.15632812085896
6.147905902	4.0277722	NA	11.5093685876374	7.45237860403494	8.97961126313277	8.17776079616579
6.164862682	4.03539904	NA	11.5210040987106	7.46247741267094	9.00138565581738	8.19919321170071
6.181783882	4.04299954	NA	11.5326377034398	7.47254269128114	9.02312325379422	8.22053915122451
6.198694282	4.05049924	NA	11.5442541251446	7.48253675256894	9.04485988903711	8.24177020428767
6.215554422	4.05792774	NA	11.5558685165698	7.49243727005304	9.06656171828543	8.26292184190268
6.232326022	4.06535198	NA	11.5674400624709	7.50233252326404	9.08825460535162	8.28404696783257
6.249075742	4.07269526	NA	11.5790041855519	7.51211480005844	9.10988846464606	8.3051632484357
6.265775782	4.07993506	NA	11.5905298924735	7.52183492627764	9.13145085909843	8.32620800953524
6.282470982	4.08716886	NA	11.6020286486476	7.53153833473804	9.15291753062406	8.34720870098536
6.299135882	4.09434762	NA	11.6135196269436	7.54121614410124	9.1743463966884	8.36815661388626
6.315783062	4.1014895	NA	11.6249874945456	7.5508262314234	9.19575037807117	8.38907811228289
6.332418982	4.10853554	NA	11.6363792147304	7.5604008092278	9.21711488384835	8.40993758686692
6.348986302	4.11558042	NA	11.6476910190706	7.5699305888278	9.23842696044633	8.43078984016579
6.365437462	4.12262012	NA	11.6588304883492	7.5794575410604	9.25971596656579	8.45158654339217
6.381879602	4.12962924	NA	11.6699555645074	7.5889713605912	9.28098404200588	8.47236217332365
6.398295622	4.13654524	NA	11.6810128498277	7.5984451256856	9.30223839673037	8.49304861926208
6.414705222	4.14340504	NA	11.6920123350385	7.6078618923576	9.32349008109792	8.51369656102397
6.431056582	4.15024824	NA	11.7029295718544	7.6172759283648	9.3447401257726	8.53432678596823
6.447355722	4.15692428	NA	11.7137544829298	7.626684859794	9.36586213151671	8.55483680566882
6.463492522	4.1635929	NA	11.724291404639	7.6359511892782	9.38697513651823	8.5753357467518
6.479606002	4.17024064	NA	11.734814888775	7.645078654616	9.40803808989521	8.59577013545106
6.495692302	4.17682628	NA	11.7451425236218	7.6541945936456	9.42909545894679	8.61602842309457
6.511777462	4.18337762	NA	11.755347804523	7.6632689245424	9.45011697260036	8.63625396452727
6.527851462	4.1899003	NA	11.765543703802	7.6722412413406	9.47113811380942	8.65646823298065
6.543903622	4.19634568	NA	11.775685474506	7.6811016154448	9.49207030402325	8.67662938835839
6.559941742	4.20278098	NA	11.7856326900612	7.6899475537432	9.51300179619641	8.69672845638219
6.575974942	4.2091157	NA	11.795479861338	7.6987080452432	9.53378529671931	8.71682037413762
6.591889342	4.21533842	NA	11.8052894914308	7.7072801225708	9.55438738162421	8.73685949278633
6.607790702	4.22152082	NA	11.8150550656548	7.71579669368	9.57497571770449	8.75689680985147
6.623625002	4.22766134	NA	11.8247791956288	7.7241981833822	9.59553465526299	8.77687830212132
6.639290762	4.23378452	NA	11.83442409465	7.7324943746666	9.616035462196	8.79682710237736
6.654950582	4.23986472	NA	11.844052781809	7.7407094891682	9.6364729875255	8.8167027254487
6.670583082	4.24588776	NA	11.8536571918387	7.748921360797	9.65687647283124	8.83656754275636
6.686204082	4.25185736	NA	11.8632037536307	7.757086940788	9.67720318771729	8.85637898721649
6.701824062	4.25780736	NA	11.8727381944041	7.7652184418912	9.69743928380623	8.87617390532447
6.717391902	4.2636444	NA	11.8821256695837	7.7732501134315	9.71761969124083	8.89596107886576
6.732946902	4.26946776	NA	11.8914210994807	7.7812452265751	9.73776745004816	8.9157176927655
6.748494842	4.27524688	NA	11.9007116035455	7.7892041669795	9.75788685036749	8.93546516045158
6.763982882	4.28100424	NA	11.9099882744751	7.7970739531901	9.77800468712256	8.9551957579148
6.779436602	4.286704	NA	11.9190238602701	7.8049384541981	9.79808626792608	8.97489580508078
6.794766602	4.29239994	NA	11.9279829401613	7.8127945488333	9.81815693306	8.99456862665613
6.810087622	4.29808276	NA	11.9368875878694	7.8206188067693	9.8382038812079	9.01411682499658
6.825389782	4.30371236	NA	11.9457673249841	7.8282551333861	9.85819631659548	9.03366427579198
6.840640262	4.30933798	NA	11.9544429853881	7.8358912256161	9.87816944225722	9.05317956906829
6.855809262	4.31494414	NA	11.9630824782458	7.8434121069217	9.89813378736369	9.07264955550813
6.870972322	4.3205407	NA	11.9716893809216	7.8509264259001	9.91806011150637	9.09202385991959
6.886112482	4.3260889	NA	11.9802762866968	7.8584134320881	9.93797025773658	9.11133941850347
6.901238402	4.33161438	NA	11.988859772577	7.8658815061925	9.95787380537423	9.13062995488575
6.916347942	4.33713374	NA	11.997438378033	7.8733116812455	9.97771252424104	9.14986528880398
6.931391922	4.34264822	NA	12.005932382476	7.8807206016175	9.99745879839564	9.16907999234776
6.946393062	4.34813942	NA	12.0142759521208	7.8880338718105	10.0171833899546	9.18822469203555
6.961388142	4.35360254	NA	12.0225481359378	7.8953278986601	10.0367124598521	9.20735676194976
6.976154222	4.35906274	NA	12.0307939128594	7.9025489552853	10.0561441319938	9.22647466588531
6.990903242	4.36451338	NA	12.0389513052498	7.9097438340165	10.0755391839378	9.24556575351114
7.005651782	4.3699073	NA	12.047097660389	7.9169260424197	10.0949316744474	9.26458271643891
7.020372602	4.3752926	NA	12.055034995775	7.9240844451869	10.1142895627528	9.28358266711025
7.034899882	4.38064184	NA	12.062953107171	7.9312163098595	10.133634404959	9.30257144572086
7.049361602	4.38599072	NA	12.0707389520766	7.9383063144565	10.1529437068226	9.32147883349554
7.063787042	4.39131088	NA	12.0785023975451	7.9453960872385	10.1721218414558	9.34036817927049
7.078169982	4.39652912	NA	12.0862220416439	7.95241273041134	10.1912371840509	9.3592447233365
7.092529382	4.40173996	NA	12.0937840568519	7.95938257734614	10.2102854503248	9.37811940788421
7.106842382	4.40692882	NA	12.1012636791119	7.96633168868414	10.2293000033423	9.39698882223933
7.121138702	4.41206472	NA	12.1087241546659	7.97327029050254	10.2483004011256	9.41579096875333
7.135398002	4.41707448	NA	12.1161664160019	7.98014192013134	10.2671730457534	9.43458278232591
7.149634562	4.42205968	NA	12.1236018444419	7.98697793809154	10.2859627242648	9.45336745310557
7.163863042	4.42684348	NA	12.1310280580619	7.99381034205814	10.3047345359802	9.47204438956181
7.178058562	4.43157492	NA	12.1383937068923	8.00059937588494	10.3234674237294	9.49072095411439
7.192206362	4.4362522	NA	12.1456263604895	8.00738074408786	10.3420663005525	9.50934391968705
7.206321962	4.44092676	NA	12.1528044338475	8.01412925351906	10.3606295304528	9.5278517222074
7.220398682	4.44557452	NA	12.1598933228767	8.02086807599786	10.379117729179	9.54633219261194
7.234421922	4.45014076	NA	12.1669657795157	8.02757052333946	10.3975996361695	9.56473296163236
7.248429002	4.45462948	NA	12.1740268741241	8.03425339617566	10.4160615178253	9.58313181880631
7.262338142	4.45911652	NA	12.1810592558273	8.04077515422926	10.4345210207553	9.60148335824761
7.276246542	4.46353102	NA	12.1880522932937	8.04727419590486	10.4529593177718	9.61983187013147
7.290134442	4.46787186	NA	12.1950383394713	8.05368976274386	10.4713428736421	9.63815962268936
7.303955102	4.4720678	NA	12.201974591465	8.06008317662646	10.4897202701233	9.65637095631925
7.317694502	4.47618044	NA	12.2088798484754	8.06646529026806	10.5080738114159	9.67457900635751
7.331406182	4.48027004	NA	12.2157133630674	8.07278914096606	10.5264252257926	9.69272989723256
7.345095682	4.48433064	NA	12.2225050694426	8.07909389478206	10.5447303938033	9.71086138370704
7.358749882	4.48838056	NA	12.2288247449586	8.08510609838326	10.5630337897746	9.7289863870971
7.372396262	4.49240616	NA	12.2351048554778	8.09094490908826	10.5813350108104	9.74700824982806
7.385958902	4.4964216	NA	12.241377098578	8.09672177441546	10.5995486476521	9.76492232964519
7.399506182	4.50039216	NA	12.247601285197	8.10248014394666	10.6177422111396	9.78279545707574
7.412905622	4.50433926	NA	12.2537457890978	8.10819159851306	10.6359289628745	9.80065720500181
7.426282022	4.50821124	NA	12.2598762740634	8.11387209145146	10.654081318538	9.81842726839664
7.439619262	4.51203162	NA	12.2660021295024	8.11946465103786	10.6722124050427	9.83616598909648
7.452924462	4.51583862	NA	12.2720970771132	8.12503366724186	10.6903156671307	9.85389197162871
7.466226562	4.51953782	NA	12.2781614887182	8.13058463239586	10.7084166863532	9.87159725463857
7.479487682	4.5232288	NA	12.2841971385534	8.13611268302168	10.726472143196	9.88928564313036
7.492667842	4.52691486	NA	12.2901933208278	8.14151742802368	10.7444583932879	9.90695566444032
7.505721802	4.53058398	NA	12.2961699689976	8.14688321024568	10.7624175275448	9.92459686788869
7.518775642	4.53423746	NA	12.3019104328362	8.15218865892848	10.7803261920555	9.94216751803546
7.531798162	4.5378293	NA	12.3075668971279	8.15743612836368	10.7982100245891	9.95970183001747
7.544754242	4.54132818	NA	12.3130995170779	8.16267822315728	10.8160836933693	9.97723115213628
7.557704242	4.54479054	NA	12.3185986738377	8.16782938023728	10.8338856724353	9.99462892688419
7.570635242	4.54820094	NA	12.3240911950283	8.17295799686628	10.8516582365826	10.0120262082524
7.583542322	4.55154422	NA	12.3294769433321	8.17793480428428	10.8694162789072	10.0293665435077
7.596338322	4.55488618	NA	12.3348357634719	8.18290626355668	10.8871407379796	10.0466984389794
7.609048522	4.5581937	NA	12.3400899922979	8.18786428582098	10.9048543258884	10.0640045927374
7.621735882	4.56145926	NA	12.3451659200279	8.19268866244858	10.9225024385188	10.0812011862932
7.634395282	4.56471852	NA	12.3502156306631	8.19749407527058	10.9400718857131	10.0983651196059
7.647049862	4.56796072	NA	12.3552357673961	8.20228300119778	10.9576398618687	10.1154341969275
7.659696522	4.57119896	NA	12.3602424448517	8.20706755267668	10.9751894898611	10.1324990730459
7.672327722	4.57441648	NA	12.3652116872481	8.21181476850068	10.9926984862645	10.1494868025154
7.684892082	4.57757648	NA	12.3701766092761	8.21652451842868	11.0101027695395	10.1664710858022
7.697451762	4.5807054	NA	12.3751289683239	8.22110634671048	11.0274617387311	10.1834450081147
7.709985522	4.58371556	NA	12.3799320086519	8.22568303888688	11.0448064449372	10.2004175119604
7.722483522	4.58668244	NA	12.3846658194385	8.23015770330128	11.0620990370194	10.2173703385517
7.734978342	4.58955972	NA	12.3893169003367	8.23455678832028	11.0793905328498	10.2343164185488
7.747422342	4.59237764	NA	12.3939172033387	8.23895309259288	11.0966754195467	10.2512555146064
7.759852342	4.59516164	NA	12.3984668158921	8.243123955316	11.1138920224058	10.2681911495304
7.772272562	4.59790512	NA	12.4029262045043	8.2472920228312	11.1311049371271	10.2850548911783
7.784691362	4.60050612	NA	12.4073629301515	8.25140941216528	11.1483164229732	10.3018792016937
7.797096282	4.60299612	NA	12.4117720975395	8.25542378368528	11.1654867712678	10.318662500019
7.809428082	4.60544952	NA	12.4160794813899	8.25935265262388	11.1826436811083	10.3354407916614
7.821749682	4.60790292	NA	12.4203141872499	8.26323282855488	11.1997516144943	10.3522048986365
7.834034502	4.61013108	NA	12.4243584387489	8.26700272390538	11.2168551605306	10.3689657182822
7.846313062	4.61226972	NA	12.4283383986955	8.27070443264538	11.2339399285701	10.3857038723621
7.858568422	4.6143763	NA	12.4322230345416	8.27432000909532	11.250981145196	10.4023559802692
7.870782862	4.6162671	NA	12.4360822646136	8.2778496803405	11.268020486716	10.4189971179528
7.882995622	4.61805168	NA	12.4399396847384	8.2811713496833	11.285045791294	10.4356191782868
7.895158262	4.61956044	NA	12.4436772861224	8.28442129052374	11.3018920191586	10.4522315784699
7.907278422	4.62103108	NA	12.4474082293416	8.28760914414112	11.3186999367708	10.4688209636098
7.919371202	4.62250156	NA	12.4509831967148	8.2907859176982	11.3354675015418	10.485395831425
7.931418242	4.62383436	NA	12.4544851775198	8.29386860196884	11.352232369018	10.5019677389617
7.943459462	4.62500476	NA	12.457974996275	8.29690770360028	11.3689857750411	10.5184419573116
7.955497062	4.62587914	NA	12.4614360024033	8.2997791169428	11.3856877755218	10.5347997380448
7.967529722	NA	NA	12.4648858907821	8.30243083757624	11.4023716128905	10.5511485482375
7.979546482	NA	NA	12.4681095547868	8.30499915321826	11.4190100167124	10.5674554005956
7.991551282	NA	NA	12.4712818362524	8.30739435423988	11.4355975596043	10.5837227881817
8.003476282	NA	NA	12.4743943338471	8.30978941315278	11.4521721348681	10.5999657329136
8.015389982	NA	NA	12.4773210065692	8.31195682051082	11.4687443466317	10.6161752829394
8.027279522	NA	NA	12.4802331908385	8.3138555599241	11.485287615474	10.6323729619498
8.039150102	NA	NA	12.4831181527047	8.31568276949696	11.5018225663886	10.6485395356107
8.051010902	NA	NA	12.4859549978928	8.3174573143527	11.5183410419036	10.6646395011391
8.062854662	NA	NA	12.488467900084	8.3191999243719	11.5348534634383	10.6805554603228
8.074658222	NA	NA	12.4908265836745	8.32094001630078	11.5513109927409	10.6964256473233
8.086422882	NA	NA	12.4931315806281	8.32252632453464	11.5677424579543	10.7122809133246
8.098174882	NA	NA	12.4954177048388	8.32384598292208	11.584154155499	10.7280750133213
8.109923482	NA	NA	12.4973687943464	8.32504349264844	11.6005432873564	10.7438038395532
8.121603442	NA	NA	12.4992858429431	8.3262343701786	11.6169244983261	10.7595202266356
8.133261442	NA	NA	12.5010370121473	8.32728763283532	11.6333042921326	10.7752352326285
8.144883842	NA	NA	12.5025868942769	NA	11.6496615108821	10.7909197126194
8.156489882	NA	NA	12.5041150261285	NA	11.6659832876705	10.8065863505788
8.168066882	NA	NA	12.5056010127631	NA	11.6822892250258	10.8222287307014
8.179621422	NA	NA	12.5070250473592	NA	11.6985720427118	10.8378329860267
8.191103262	NA	NA	12.5081414100624	NA	11.7148534865694	10.853421677464
8.202579522	NA	NA	12.5092008770758	NA	11.7311138908252	10.8689772937707
8.214055522	NA	NA	NA	NA	11.7473663683372	10.8845300806193
8.225518722	NA	NA	NA	NA	11.7636151623964	10.8999954420747
8.236981162	NA	NA	NA	NA	11.7798374028009	10.915443935176
8.248226162	NA	NA	NA	NA	11.796024530354	10.9308830129475
8.259430022	NA	NA	NA	NA	11.812185633639	10.9463149198931
8.270593502	NA	NA	NA	NA	11.8282402271607	10.9617353613666
8.281725062	NA	NA	NA	NA	11.8442929326932	10.9771249740822
8.292848262	NA	NA	NA	NA	11.8603368342462	10.9925088007992
8.303968582	NA	NA	NA	NA	11.8763488707109	11.0078746752219
8.315069142	NA	NA	NA	NA	11.892336564764	11.0232401123307
8.326144822	NA	NA	NA	NA	11.9083122562652	11.0385706054463
8.337143542	NA	NA	NA	NA	11.9242819956814	11.0538369255573
8.348077462	NA	NA	NA	NA	11.9402515172527	11.06909497782
8.359004762	NA	NA	NA	NA	11.9562170543704	11.0843515947962
8.369920562	NA	NA	NA	NA	11.9721700431528	11.0995689806084
8.380817762	NA	NA	NA	NA	11.9881074583667	11.1147583540387
8.391713102	NA	NA	NA	NA	12.0040407638075	11.1299352004829
8.402595842	NA	NA	NA	NA	12.0199586561355	11.1450747631179
8.413450442	NA	NA	NA	NA	12.0358568557522	11.1601281823992
8.424302282	NA	NA	NA	NA	12.0517152600233	11.1751620589842
8.435148082	NA	NA	NA	NA	12.0675628798001	11.1901915867259
8.445969262	NA	NA	NA	NA	12.0833722994181	11.205207639968
8.456756062	NA	NA	NA	NA	12.0991645912731	11.2201658930271
8.467507822	NA	NA	NA	NA	12.1149528424563	11.2351201429825
8.478257582	NA	NA	NA	NA	12.1307169831272	11.2500560631333
8.488993762	NA	NA	NA	NA	12.146444354857	11.2649153617855
8.499712822	NA	NA	NA	NA	12.1620875517826	11.2797447418161
8.510428942	NA	NA	NA	NA	12.1777134757152	11.2945435771561
8.521141462	NA	NA	NA	NA	12.19329593139	11.3093308255478
8.531853702	NA	NA	NA	NA	12.2088641404763	11.3241083894934
8.542558302	NA	NA	NA	NA	12.2244220089567	11.33885655623
8.553258242	NA	NA	NA	NA	12.2399389225943	11.3535232910157
8.563883062	NA	NA	NA	NA	12.2554551440473	11.36818877927
8.574478262	NA	NA	NA	NA	12.2709546827966	11.3828470537147
8.585048262	NA	NA	NA	NA	12.2864391223171	11.3974350963021
8.595601662	NA	NA	NA	NA	12.3019135597112	11.4119973672739
8.606150862	NA	NA	NA	NA	12.3173571017781	11.4265321902605
8.616683642	NA	NA	NA	NA	12.3327956626924	11.4410102951355
8.627213042	NA	NA	NA	NA	12.3482092054073	11.4554812347912
8.637733062	NA	NA	NA	NA	12.3636135189938	11.4699392194912
8.648216262	NA	NA	NA	NA	12.3790026736198	11.4843920218351
8.658692862	NA	NA	NA	NA	12.3943846323366	11.4988268700159
8.669104382	NA	NA	NA	NA	12.4097658367947	11.5132464682777
8.679467742	NA	NA	NA	NA	12.4251333170235	11.527642933758
8.689829022	NA	NA	NA	NA	12.4404911300917	11.5420366333217
8.700187422	NA	NA	NA	NA	12.4558343838586	11.5563932434377
8.710453002	NA	NA	NA	NA	12.4711717686962	11.5707386758865
8.720681882	NA	NA	NA	NA	12.486488758097	11.585059381414
8.730903942	NA	NA	NA	NA	12.5017531508358	11.5993193582506
8.741107662	NA	NA	NA	NA	12.5170082324615	11.6135088266383
8.751294262	NA	NA	NA	NA	12.5321839178165	11.6276487682978
8.761421962	NA	NA	NA	NA	12.5473415595228	11.6417638970683
8.771510962	NA	NA	NA	NA	12.5624803482749	11.6558570424078
8.781595082	NA	NA	NA	NA	12.5776099816848	11.6699390568015
8.791675082	NA	NA	NA	NA	12.592717859884	11.6840203628963
8.801702122	NA	NA	NA	NA	12.6077578758806	11.6980982975629
8.811690662	NA	NA	NA	NA	12.6227872912629	11.7121286042657
8.821648082	NA	NA	NA	NA	12.6378013438943	11.7261577821754
8.831548082	NA	NA	NA	NA	12.6528106859223	11.7401837830187
8.841432742	NA	NA	NA	NA	12.6677857806226	11.7541706779117
8.851280902	NA	NA	NA	NA	12.6827426653624	11.7681248920041
8.861125902	NA	NA	NA	NA	12.6976655428723	11.7820733088846
8.870968042	NA	NA	NA	NA	12.7125778935541	11.7960019737562
8.880743662	NA	NA	NA	NA	12.7274866931296	11.8099035401197
8.890494202	NA	NA	NA	NA	12.7423909530983	11.8237942091453
8.900157402	NA	NA	NA	NA	12.7572788653292	11.8376813235942
8.909790102	NA	NA	NA	NA	12.7721656613978	11.8515309038062
8.919404302	NA	NA	NA	NA	12.787020111011	11.8653022085763
8.929014502	NA	NA	NA	NA	12.8017891408248	11.8790684375156
8.938514222	NA	NA	NA	NA	12.8165518906149	11.8928330592329
8.947986222	NA	NA	NA	NA	12.8313057286743	11.906597086652
8.957443222	NA	NA	NA	NA	12.8460456984457	11.9203103071719
8.966806822	NA	NA	NA	NA	12.8607334322874	11.9340209654812
8.976166222	NA	NA	NA	NA	12.8754112893221	11.9477207638297
8.985515822	NA	NA	NA	NA	12.8900575084831	11.9613809721926
8.994859982	NA	NA	NA	NA	12.9046999750898	11.9750364037426
9.004187222	NA	NA	NA	NA	12.9193409448912	11.9886841281031
9.013506662	NA	NA	NA	NA	12.9339803405875	12.0022941201274
9.022816742	NA	NA	NA	NA	12.9486107941016	12.0158984831375
9.032089522	NA	NA	NA	NA	12.9632032816988	12.0294969741812
9.041362122	NA	NA	NA	NA	12.9777526090662	12.0430861769777
9.050606202	NA	NA	NA	NA	12.9922844491094	12.0566463189604
9.059806162	NA	NA	NA	NA	13.0068127720113	12.0701704236653
9.068924362	NA	NA	NA	NA	13.0213348547107	12.0836866286879
9.077997422	NA	NA	NA	NA	13.0358476918848	12.0971801158165
9.087044222	NA	NA	NA	NA	13.0503357111362	12.1106695848905
9.096073022	NA	NA	NA	NA	13.0648198677398	12.1241048307844
9.105096062	NA	NA	NA	NA	13.0793005528793	12.1375277870377
9.114109022	NA	NA	NA	NA	13.0937619236081	12.1509047206802
9.123093542	NA	NA	NA	NA	13.1082023004123	12.1642651971185
9.132059542	NA	NA	NA	NA	13.1226214373379	12.1776255502118
9.140963062	NA	NA	NA	NA	13.1370354900445	12.1909494754349
9.149820262	NA	NA	NA	NA	13.1514445018667	12.2042710926128
9.158624782	NA	NA	NA	NA	13.1658460390319	12.2175198690011
9.167383702	NA	NA	NA	NA	13.1802460676796	12.2307665503945
9.176138842	NA	NA	NA	NA	13.1946013163154	12.2440035548172
9.184867942	NA	NA	NA	NA	13.2089530325842	12.2572381633581
9.193547942	NA	NA	NA	NA	13.223297592765	12.2704288648406
9.202192102	NA	NA	NA	NA	13.2376224005028	12.2835859865995
9.210835302	NA	NA	NA	NA	13.2519425737659	12.2967154940444
9.219473142	NA	NA	NA	NA	13.266237591798	12.3098308280352
9.228089702	NA	NA	NA	NA	13.2805094550246	12.322939495793
9.236684262	NA	NA	NA	NA	13.2947559322921	12.3359928283975
9.245253302	NA	NA	NA	NA	13.3089957863717	12.3490307559674
9.253786302	NA	NA	NA	NA	13.3232182479948	12.362031169858
9.262302502	NA	NA	NA	NA	13.3374271095369	12.3750315015187
9.270754622	NA	NA	NA	NA	13.3516125656346	12.3879962649859
9.279178462	NA	NA	NA	NA	13.3657715172685	12.400934490604
9.287589462	NA	NA	NA	NA	13.3799294944563	12.4138707576541
9.295995262	NA	NA	NA	NA	13.3940851175136	12.4267767491297
9.304374222	NA	NA	NA	NA	13.4082314154034	12.4396476115946
9.312733682	NA	NA	NA	NA	13.4223630567815	12.4525177582852
9.321068822	NA	NA	NA	NA	13.4364915686886	12.4653515742865
9.329397622	NA	NA	NA	NA	13.450597518422	12.4781691423961
9.337713622	NA	NA	NA	NA	13.464692839432	12.4909859685673
9.346019062	NA	NA	NA	NA	13.4787762363613	12.5038024770319
9.354233862	NA	NA	NA	NA	13.4928368040811	12.5166027955396
9.362444862	NA	NA	NA	NA	13.5068938897961	12.5293928353029
9.370628622	NA	NA	NA	NA	13.5209252569285	12.5421794382278
9.378801122	NA	NA	NA	NA	13.5349305482596	12.5549445735278
9.386909442	NA	NA	NA	NA	13.5489342467463	12.5676816497244
9.394983582	NA	NA	NA	NA	13.5629377847773	12.5803627609611
9.403048782	NA	NA	NA	NA	13.576927117212	12.5930265945628
9.411111142	NA	NA	NA	NA	13.5909105432389	12.6056645911388
9.419172902	NA	NA	NA	NA	13.6048894401998	12.6182805127096
9.427195302	NA	NA	NA	NA	13.6188617631636	12.6308619257321
9.435208902	NA	NA	NA	NA	13.6328036077507	12.6434375396739
9.443202342	NA	NA	NA	NA	13.6467360123918	12.6559928577677
9.451173842	NA	NA	NA	NA	13.6606661565992	12.6685271791899
9.459129562	NA	NA	NA	NA	13.6745852129692	12.6810585926619
9.467029762	NA	NA	NA	NA	13.6885015708732	12.6935524064869
9.474929962	NA	NA	NA	NA	13.7023368963274	12.7060374011491
9.482817322	NA	NA	NA	NA	13.7161707062368	12.7185113863417
9.490688882	NA	NA	NA	NA	13.7300003759218	12.7309788678923
9.498543482	NA	NA	NA	NA	13.743819313817	12.7434064081111
9.506374202	NA	NA	NA	NA	13.7576087618361	12.755814452355
9.514197602	NA	NA	NA	NA	13.771356630758	12.7682196073373
9.521968202	NA	NA	NA	NA	13.7850717784376	12.7805722659686
9.529702082	NA	NA	NA	NA	13.798740801557	12.7929108296381
9.537429942	NA	NA	NA	NA	13.8124076356865	12.8052404377179
9.545153342	NA	NA	NA	NA	13.8260739416007	12.8175187249613
9.552864542	NA	NA	NA	NA	13.8397349841008	12.8297644192406
9.560546602	NA	NA	NA	NA	13.8533615497161	12.8420026530203
9.568219562	NA	NA	NA	NA	13.8669323739726	12.8542349195217
9.575880362	NA	NA	NA	NA	13.8804951695901	12.8664383008825
9.583519862	NA	NA	NA	NA	13.8940525120577	12.8786359111955
9.591148182	NA	NA	NA	NA	13.9076007495451	12.8907563001051
9.598718262	NA	NA	NA	NA	13.9211363719383	12.9028050256086
9.606285582	NA	NA	NA	NA	13.9346642502964	12.9148419884909
9.613823842	NA	NA	NA	NA	13.9481730730811	12.926867934428
9.621326722	NA	NA	NA	NA	13.9616756275542	12.9388650606346
9.628825122	NA	NA	NA	NA	13.9751738181018	12.9508184591937
9.636297062	NA	NA	NA	NA	13.9886679293279	12.9627593438487
9.643745282	NA	NA	NA	NA	14.0021598199414	12.9745839403961
9.651166982	NA	NA	NA	NA	14.0156515711809	12.9863377593784
9.658550702	NA	NA	NA	NA	14.0291198958944	12.9980732149165
9.665931882	NA	NA	NA	NA	14.0425867589388	13.0098062278512
9.673289182	NA	NA	NA	NA	14.0560135900532	13.0215040762669
9.680595142	NA	NA	NA	NA	14.0694370879062	13.0331720247496
9.687894502	NA	NA	NA	NA	14.0828408836784	13.0448220657906
9.695152102	NA	NA	NA	NA	14.0962317165073	13.0564472360079
9.702379142	NA	NA	NA	NA	14.1096194386046	13.06805672273
9.709588102	NA	NA	NA	NA	14.1229524429799	13.0796628828768
9.716721582	NA	NA	NA	NA	14.1362775826856	13.0912669087824
9.723829142	NA	NA	NA	NA	14.1495964599358	13.1028521600941
9.730931222	NA	NA	NA	NA	14.1628958834014	13.1143690895262
9.738024022	NA	NA	NA	NA	14.1761658357302	13.1258596829463
9.745105882	NA	NA	NA	NA	14.189388499317	13.137332107284
9.752140322	NA	NA	NA	NA	14.2026053092003	13.1487833387196
9.759149522	NA	NA	NA	NA	14.2158181264314	13.1602309464305
9.766109282	NA	NA	NA	NA	14.2289697046479	13.1716636480933
9.773039902	NA	NA	NA	NA	14.2421050592747	13.1830919485845
9.779914842	NA	NA	NA	NA	14.2552293857959	13.1944261032525
9.786766522	NA	NA	NA	NA	14.2683472589544	13.2057365457915
9.793598722	NA	NA	NA	NA	14.2814559521754	13.217043553361
9.800400242	NA	NA	NA	NA	14.294533726645	13.2283354194056
9.807183162	NA	NA	NA	NA	14.3075828334274	13.2395624770323
9.813954162	NA	NA	NA	NA	14.3206209507541	13.2507835300034
9.820712962	NA	NA	NA	NA	14.333649977155	13.2619617262169
9.827403022	NA	NA	NA	NA	14.3466706996828	13.2731341308252
9.834083282	NA	NA	NA	NA	14.3596814165706	13.2842784800678
9.840736082	NA	NA	NA	NA	14.3726895544557	13.2953963288385
9.847357782	NA	NA	NA	NA	14.3856937453658	13.3065139159684
9.853978542	NA	NA	NA	NA	14.398676973974	13.317630378043
9.860585982	NA	NA	NA	NA	14.4116252103653	13.3287367258331
9.867165382	NA	NA	NA	NA	14.424565996695	13.3398092378655
9.873709342	NA	NA	NA	NA	14.4374980551738	13.3508646329852
9.880233902	NA	NA	NA	NA	14.4504208786682	13.3619129451155
9.886745502	NA	NA	NA	NA	14.463334415645	13.3729529333318
9.893247382	NA	NA	NA	NA	14.4762455211915	13.3839873990589
9.899703142	NA	NA	NA	NA	14.4890991789275	13.3949952334938
9.906155442	NA	NA	NA	NA	14.5019413471013	13.4059964016957
9.912574162	NA	NA	NA	NA	14.5147708474766	13.4169783243504
9.918971602	NA	NA	NA	NA	14.527586104777	13.4279448438393
9.925277202	NA	NA	NA	NA	14.5403955306269	13.4388897555387
9.931569822	NA	NA	NA	NA	14.5531935676387	13.4498011230229
9.937859742	NA	NA	NA	NA	14.5659861796094	13.4606966743227
9.944123382	NA	NA	NA	NA	14.578748841419	13.4715883608147
9.950385582	NA	NA	NA	NA	14.5915079427525	13.4824672811061
9.956627782	NA	NA	NA	NA	14.6042367507605	13.4932917782491
9.962859862	NA	NA	NA	NA	14.6169136343805	13.504110945396
9.969080822	NA	NA	NA	NA	14.6295758322085	13.5149179238209
9.975245062	NA	NA	NA	NA	14.6422086514253	13.5257146646163
9.981371902	NA	NA	NA	NA	14.6548130770178	13.5365100598307
9.987463902	NA	NA	NA	NA	14.6674163887903	13.547304557991
9.993544662	NA	NA	NA	NA	14.6800113287596	13.5580872505461
9.999617902	NA	NA	NA	NA	14.6926011247782	13.5687380481219
10.005598502	NA	NA	NA	NA	14.7051733175227	13.5793537634086
10.011542822	NA	NA	NA	NA	14.7177234259468	13.5899588747688
10.017433822	NA	NA	NA	NA	14.7302613081182	13.6005197538886
10.023313822	NA	NA	NA	NA	14.7427856054343	13.6110651438749
10.029168622	NA	NA	NA	NA	14.7552810523545	13.6215800153347
10.035002842	NA	NA	NA	NA	14.7677747623715	13.6320936907224
10.040819082	NA	NA	NA	NA	14.7802630379779	13.6426041927813
10.046622642	NA	NA	NA	NA	14.7927197190452	13.6530961370345
10.052424962	NA	NA	NA	NA	14.8051759573955	13.6635684488858
10.058213522	NA	NA	NA	NA	14.8176282546269	13.6740193622602
10.063944002	NA	NA	NA	NA	14.8300315145009	13.6844626693637
10.069669942	NA	NA	NA	NA	14.8424314130046	13.6948987607886
10.075380422	NA	NA	NA	NA	14.8548153807209	13.7053272907954
10.080964402	NA	NA	NA	NA	14.8671972285486	13.7157273767131
10.086546482	NA	NA	NA	NA	14.8795397612263	13.7260833462598
10.092101682	NA	NA	NA	NA	14.8918680402882	13.7364388934435
10.097550242	NA	NA	NA	NA	14.9041845756357	13.7467943995123
10.102937282	NA	NA	NA	NA	14.9164350278473	13.7570659487968
10.108272482	NA	NA	NA	NA	14.9286711491433	13.7673184693221
10.113581922	NA	NA	NA	NA	14.9408217241491	13.7775347189616
10.118829562	NA	NA	NA	NA	14.9529491993962	13.7877437323652
10.123973062	NA	NA	NA	NA	14.9650737899551	13.7979517029433
10.129114842	NA	NA	NA	NA	14.9771908765767	13.8081529755179
10.134254262	NA	NA	NA	NA	14.989287973	13.8183482527811
10.139367126	NA	NA	NA	NA	15.0013782436161	13.8285375309954
10.144469166	NA	NA	NA	NA	15.0134558768851	13.8386965168154
10.149561246	NA	NA	NA	NA	15.0254950125081	13.848837974573
10.154637686	NA	NA	NA	NA	15.0375326442986	13.858957469457
10.159686566	NA	NA	NA	NA	15.0495600022421	13.8690594942133
10.164692006	NA	NA	NA	NA	15.0615109950043	13.8791480781097
10.169662706	NA	NA	NA	NA	15.0734608634057	13.8892257590615
10.174585346	NA	NA	NA	NA	15.0854029983128	13.8992940358966
10.179502346	NA	NA	NA	NA	15.0973423164618	13.9093300150479
10.184371546	NA	NA	NA	NA	15.1092721501589	13.9193421699386
10.189205046	NA	NA	NA	NA	15.1211992291719	13.9293527923619
10.193917446	NA	NA	NA	NA	15.1331148537591	13.9393610114279
10.198626546	NA	NA	NA	NA	15.145011104204	13.9493375196329
10.203331966	NA	NA	NA	NA	15.156860375106	13.9593080885926
10.207978166	NA	NA	NA	NA	15.1686791453784	13.9692511366813
10.212615286	NA	NA	NA	NA	15.1804196367137	13.9791532678918
10.217238646	NA	NA	NA	NA	15.1921537660407	13.9890518725586
10.221853746	NA	NA	NA	NA	15.2038779635138	13.9989307401673
10.226460306	NA	NA	NA	NA	15.215595068144	14.0088065858251
10.231029346	NA	NA	NA	NA	15.2273106736266	14.018641034307
10.235546646	NA	NA	NA	NA	15.2389632844518	14.028458748993
10.240047786	NA	NA	NA	NA	15.2506024661925	14.0382757049208
10.244532266	NA	NA	NA	NA	15.26221771076	14.048081909282
10.249009728	NA	NA	NA	NA	15.2738293116956	14.0578619514353
10.253477328	NA	NA	NA	NA	15.2854326415519	14.0676419879821
10.257895288	NA	NA	NA	NA	15.2970312244975	14.0773855424617
10.262289968	NA	NA	NA	NA	15.3085191879066	14.0871272804068
10.266661808	NA	NA	NA	NA	15.3200017731232	14.096852815313
10.271020408	NA	NA	NA	NA	15.3314651985288	14.106561756588
10.275361528	NA	NA	NA	NA	15.3429284084318	14.1162602004617
10.279634008	NA	NA	NA	NA	15.3543908488504	14.1259447399975
10.283886968	NA	NA	NA	NA	15.3656945646577	14.1356186606559
10.288108728	NA	NA	NA	NA	15.3769930732691	14.1452627094141
10.292247048	NA	NA	NA	NA	15.3882863243224	14.1549054051159
10.296381448	NA	NA	NA	NA	15.3995770432214	14.1645197987621
10.300350732	NA	NA	NA	NA	15.4108540777123	14.1741329253195
10.304292012	NA	NA	NA	NA	15.422116441637	14.1837280491233
10.308220596	NA	NA	NA	NA	15.4333657348671	14.1933136323834
10.312038996	NA	NA	NA	NA	15.4445671795172	14.2028851991738
10.315852512	NA	NA	NA	NA	15.4557637050887	14.212454579395
10.319639352	NA	NA	NA	NA	15.4669599565972	14.2219950557869
10.323420072	NA	NA	NA	NA	15.4781500873666	14.2315026514099
10.327190832	NA	NA	NA	NA	15.4893334485468	14.2409739555897
10.330925664	NA	NA	NA	NA	15.5005111691836	14.250443063856
10.334620784	NA	NA	NA	NA	15.5116673583108	14.2598886244532
10.338149504	NA	NA	NA	NA	15.5228194060422	14.2693302062419
10.341594764	NA	NA	NA	NA	15.5339617866131	14.2787672709896
10.345007944	NA	NA	NA	NA	15.5450972687618	14.2882007848984
10.348333704	NA	NA	NA	NA	15.5562115004911	14.2976295070434
10.351530456	NA	NA	NA	NA	15.5673056928313	14.3070463637797
10.35469283	NA	NA	NA	NA	15.5783681688266	14.3164623926098
10.357743186	NA	NA	NA	NA	15.5894036531351	14.3258647862182
10.360697298	NA	NA	NA	NA	15.6004328878714	14.3352568076392
10.363574718	NA	NA	NA	NA	15.611452091201	14.3446438840496
10.36634159	NA	NA	NA	NA	15.6224408911114	14.3540217432295
10.369095614	NA	NA	NA	NA	15.6333785560287	14.3633996024095
10.371765794	NA	NA	NA	NA	15.6443107162628	14.3727765495845
10.37441361	NA	NA	NA	NA	15.655219288344	14.3821113987602
10.3768703	NA	NA	NA	NA	15.666109053148	14.3914447042553
10.378271572	NA	NA	NA	NA	15.6769893756636	14.4007764884963
10.37955627	NA	NA	NA	NA	15.6878656551651	14.4101056469853
NA	NA	NA	NA	NA	15.6987389832195	14.4193920066514
NA	NA	NA	NA	NA	15.7096063556751	14.4286664242854
NA	NA	NA	NA	NA	15.7204586862912	14.4379333702067
NA	NA	NA	NA	NA	15.7312572841722	14.4471950590174
NA	NA	NA	NA	NA	15.7420551055416	14.4564550957535
NA	NA	NA	NA	NA	15.7528490478661	14.4656903420271
NA	NA	NA	NA	NA	15.7636295880439	14.4749233568786
NA	NA	NA	NA	NA	15.7744071041597	14.4841388922581
NA	NA	NA	NA	NA	15.7851574833585	14.4933479669794
NA	NA	NA	NA	NA	15.7958958424376	14.5025431448384
NA	NA	NA	NA	NA	15.8066006334901	14.5117329758814
NA	NA	NA	NA	NA	15.8172899926904	14.5208818993905
NA	NA	NA	NA	NA	15.8279676257444	14.5300304528648
NA	NA	NA	NA	NA	15.8386430873765	14.5391698507812
NA	NA	NA	NA	NA	15.849305746521	14.5482984747046
NA	NA	NA	NA	NA	15.859954825495	14.5574215144664
NA	NA	NA	NA	NA	15.8705952140969	14.5665176762461
NA	NA	NA	NA	NA	15.8812183999782	14.5756084893409
NA	NA	NA	NA	NA	15.8918262195951	14.5846953778243
NA	NA	NA	NA	NA	15.9024249506286	14.593777295133
NA	NA	NA	NA	NA	15.9130220162027	14.6028496363898
NA	NA	NA	NA	NA	15.9235792864311	14.6119136574701
NA	NA	NA	NA	NA	15.9341343571286	14.6209687827644
NA	NA	NA	NA	NA	15.9446869940534	14.6300226858225
NA	NA	NA	NA	NA	15.9552337444809	14.6390679509976
NA	NA	NA	NA	NA	15.9657716850729	14.6481073628949
NA	NA	NA	NA	NA	15.976305203179	14.6571344851517
NA	NA	NA	NA	NA	15.9868225164348	14.66614592952
NA	NA	NA	NA	NA	15.9973224067828	14.6751569048037
NA	NA	NA	NA	NA	16.0078156493474	14.6841671549688
NA	NA	NA	NA	NA	16.018301870513	14.6931510971548
NA	NA	NA	NA	NA	16.0287633276315	14.7021057280994
NA	NA	NA	NA	NA	16.039203435949	14.7110498055769
NA	NA	NA	NA	NA	16.0496347356022	14.7199886726653
NA	NA	NA	NA	NA	16.0600505050217	14.7289137624985
NA	NA	NA	NA	NA	16.0704624703537	14.7378350660161
NA	NA	NA	NA	NA	16.0808545954021	14.7467507928476
NA	NA	NA	NA	NA	16.0912240107043	14.7556633986785
NA	NA	NA	NA	NA	16.1015903176174	14.7645745206325
NA	NA	NA	NA	NA	16.1119536098381	14.7734411206724
NA	NA	NA	NA	NA	16.1222885939327	14.7822475844508
NA	NA	NA	NA	NA	16.1326118776476	14.791047060552
NA	NA	NA	NA	NA	16.1428853814585	14.7998433932262
NA	NA	NA	NA	NA	16.1531135184816	14.8085914457035
NA	NA	NA	NA	NA	16.1632771546724	14.8173234596018
NA	NA	NA	NA	NA	16.1734089562263	14.8259752469656
NA	NA	NA	NA	NA	16.1835396463027	14.8345944039881
NA	NA	NA	NA	NA	16.1936183042399	14.8431959750133
NA	NA	NA	NA	NA	16.2036868429297	14.8517900332108
NA	NA	NA	NA	NA	16.2137411771945	14.8603811853269
NA	NA	NA	NA	NA	16.2237669784611	14.8689567417845
NA	NA	NA	NA	NA	16.2337803531982	14.8775305658064
NA	NA	NA	NA	NA	16.2437708846714	14.8861028143771
NA	NA	NA	NA	NA	16.2537503095679	14.8946622126484
NA	NA	NA	NA	NA	16.2637253635117	14.9031881246394
NA	NA	NA	NA	NA	16.2736794703792	14.9117103624464
NA	NA	NA	NA	NA	16.2836169929247	14.9202018612011
NA	NA	NA	NA	NA	16.29352747225	14.9286551454529
NA	NA	NA	NA	NA	16.3034243878018	14.9370933292948
NA	NA	NA	NA	NA	16.3133175964765	14.9455284407265
NA	NA	NA	NA	NA	16.3232094840273	14.9539534696444
NA	NA	NA	NA	NA	16.3331002437036	14.962357144938
NA	NA	NA	NA	NA	16.3429768715699	14.9707559929595
NA	NA	NA	NA	NA	16.3528424104276	14.9791472309724
NA	NA	NA	NA	NA	16.3626945002902	14.9875225500135
NA	NA	NA	NA	NA	16.3725340980357	14.9958564662721
NA	NA	NA	NA	NA	16.382367945144	15.0041882894046
NA	NA	NA	NA	NA	16.392188425242	15.0125184361673
NA	NA	NA	NA	NA	16.4019916897361	15.0208286309527
NA	NA	NA	NA	NA	16.4117917240352	15.0291384912117
NA	NA	NA	NA	NA	16.421569315624	15.037418636555
NA	NA	NA	NA	NA	16.4313226432721	15.0456496906151
NA	NA	NA	NA	NA	16.4410710342734	15.0538797878175
NA	NA	NA	NA	NA	16.450797551772	15.0621072779565
NA	NA	NA	NA	NA	16.4605146070716	15.0703345457009
NA	NA	NA	NA	NA	16.4702308085597	15.0785565133509
NA	NA	NA	NA	NA	16.4799252407826	15.0867400048573
NA	NA	NA	NA	NA	16.4896146063547	15.0948706636175
NA	NA	NA	NA	NA	16.4992665763886	15.1029997375821
NA	NA	NA	NA	NA	16.5089106419318	15.1110966596343
NA	NA	NA	NA	NA	16.5185283213032	15.1191918174801
NA	NA	NA	NA	NA	16.5281170917183	15.1272852223329
NA	NA	NA	NA	NA	16.5376989227189	15.1353667599079
NA	NA	NA	NA	NA	16.5472760595132	15.143406724634
NA	NA	NA	NA	NA	16.5568461479705	15.1514417219233
NA	NA	NA	NA	NA	16.5663975181627	15.1594628802849
NA	NA	NA	NA	NA	16.5759469136962	15.1674769818212
NA	NA	NA	NA	NA	16.5854809324242	15.175476861313
NA	NA	NA	NA	NA	16.5949849295473	15.183462100135
NA	NA	NA	NA	NA	16.6044787324655	15.1914356024998
NA	NA	NA	NA	NA	16.6139678130684	15.1993740524773
NA	NA	NA	NA	NA	16.6234462520646	15.2073067575711
NA	NA	NA	NA	NA	16.6329079451118	15.2152144385945
NA	NA	NA	NA	NA	16.6423649439526	15.2231149843003
NA	NA	NA	NA	NA	16.65180920238	15.2310079667192
NA	NA	NA	NA	NA	16.6612503336787	15.238879414234
NA	NA	NA	NA	NA	16.6706797891932	15.2467300930786
NA	NA	NA	NA	NA	16.6800960006741	15.2545317105417
NA	NA	NA	NA	NA	16.6894926541329	15.2623303789396
NA	NA	NA	NA	NA	16.6988831610858	15.2701173052737
NA	NA	NA	NA	NA	16.7082476671949	15.2779018805786
NA	NA	NA	NA	NA	16.7175965353188	15.2856671617458
NA	NA	NA	NA	NA	16.726940735003	15.2934190655944
NA	NA	NA	NA	NA	16.7362643659115	15.3011270081875
NA	NA	NA	NA	NA	16.7455632608819	15.3088256475826
NA	NA	NA	NA	NA	16.7548431494697	15.3165235375638
NA	NA	NA	NA	NA	16.7640458705979	15.3242072391399
NA	NA	NA	NA	NA	16.7732417366388	15.3318821047336
NA	NA	NA	NA	NA	16.782432347464	15.3395297073594
NA	NA	NA	NA	NA	16.791597963514	15.3471704848989
NA	NA	NA	NA	NA	16.8007437896424	15.3547866625998
NA	NA	NA	NA	NA	16.8098872967766	15.3623949910776
NA	NA	NA	NA	NA	16.8190269916249	15.369967671001
NA	NA	NA	NA	NA	16.8281629011251	15.3775340472508
NA	NA	NA	NA	NA	16.8372884665058	15.3850927443441
NA	NA	NA	NA	NA	16.8463472659356	15.3926359373531
NA	NA	NA	NA	NA	16.8554053614688	15.4001652484506
NA	NA	NA	NA	NA	16.8644632262737	15.4076926084554
NA	NA	NA	NA	NA	16.873512986311	15.415185338436
NA	NA	NA	NA	NA	16.8825517932001	15.4226626932838
NA	NA	NA	NA	NA	16.8915875666574	15.430134301379
NA	NA	NA	NA	NA	16.9006130920343	15.4375846941458
NA	NA	NA	NA	NA	16.9096365865344	15.4450300110817
NA	NA	NA	NA	NA	16.9186582785437	15.4524706035329
NA	NA	NA	NA	NA	16.9276577913646	15.4598815502163
NA	NA	NA	NA	NA	16.9366540751617	15.4672911045971
NA	NA	NA	NA	NA	16.9456285732968	15.4746926284753
NA	NA	NA	NA	NA	16.9545737701205	15.482093872024
NA	NA	NA	NA	NA	16.9635184703515	15.4894699812394
NA	NA	NA	NA	NA	16.9724577502264	15.4968450214654
NA	NA	NA	NA	NA	16.9813290777156	15.5041761508953
NA	NA	NA	NA	NA	16.9901893747566	15.5114990050014
NA	NA	NA	NA	NA	16.9990382431385	15.5187934187563
NA	NA	NA	NA	NA	17.0078770402925	15.5260473903241
NA	NA	NA	NA	NA	17.0167142762247	15.5332853532146
NA	NA	NA	NA	NA	17.0255199141042	15.5405165283962
NA	NA	NA	NA	NA	17.0343029406193	15.5477286561299
NA	NA	NA	NA	NA	17.043077482895	15.5549110465216
NA	NA	NA	NA	NA	17.0518467664414	15.5620867538606
NA	NA	NA	NA	NA	17.0606154596985	15.5692292664618
NA	NA	NA	NA	NA	17.0693733462083	15.5763528400092
NA	NA	NA	NA	NA	17.0781161744817	15.5834321439388
NA	NA	NA	NA	NA	17.0868437817205	15.5904885206619
NA	NA	NA	NA	NA	17.0955491547241	15.5975011417044
NA	NA	NA	NA	NA	17.1042476644419	15.6045002546079
NA	NA	NA	NA	NA	17.1129207354962	15.6114916790107
NA	NA	NA	NA	NA	17.1215895901974	15.6184674330003
NA	NA	NA	NA	NA	17.1302105518126	15.6254176957038
NA	NA	NA	NA	NA	17.1388076207605	15.6323630769382
NA	NA	NA	NA	NA	17.1474038921148	15.6393009602957
NA	NA	NA	NA	NA	17.1559835147306	15.6462166527785
NA	NA	NA	NA	NA	17.1645559601765	15.6531206200172
NA	NA	NA	NA	NA	17.1731226526429	15.6600033083862
NA	NA	NA	NA	NA	17.1816861992414	15.6668329659094
NA	NA	NA	NA	NA	17.1902467639414	15.673618503324
NA	NA	NA	NA	NA	17.1988013074549	15.680379711885
NA	NA	NA	NA	NA	17.2073545005642	15.6871359417959
NA	NA	NA	NA	NA	17.2158869937223	15.6938912746528
NA	NA	NA	NA	NA	17.2244123963801	15.700641460662
NA	NA	NA	NA	NA	17.2329361804268	15.7073897684643
NA	NA	NA	NA	NA	17.2414358527899	15.7141348935936
NA	NA	NA	NA	NA	17.2499252723879	15.720857721323
NA	NA	NA	NA	NA	17.2584114934136	15.7275791231101
NA	NA	NA	NA	NA	17.266894264057	15.7342791600599
NA	NA	NA	NA	NA	17.2753740059534	15.7409297394292
NA	NA	NA	NA	NA	17.2838506757682	15.747577620161
NA	NA	NA	NA	NA	17.2923097879861	15.7542239179661
NA	NA	NA	NA	NA	17.3007642832973	15.7608594268273
NA	NA	NA	NA	NA	17.3092165814201	15.7674856138017
NA	NA	NA	NA	NA	17.3176659140413	15.7741040412586
NA	NA	NA	NA	NA	17.3261144888901	15.7807171162929
NA	NA	NA	NA	NA	17.3345574454485	15.7873155656084
NA	NA	NA	NA	NA	17.3429974107386	15.7939131739356
NA	NA	NA	NA	NA	17.3514365913185	15.8005103898018
NA	NA	NA	NA	NA	17.3598729469419	15.807081731265
NA	NA	NA	NA	NA	17.3683032638107	15.8135778977293
NA	NA	NA	NA	NA	17.3767289813411	15.8200728681215
NA	NA	NA	NA	NA	17.3851455247899	15.8265588791863
NA	NA	NA	NA	NA	17.3935567977974	15.833041900071
NA	NA	NA	NA	NA	17.4019641847327	15.8394918533005
NA	NA	NA	NA	NA	17.4103610963732	15.8459401469799
NA	NA	NA	NA	NA	17.4187557710041	15.8523862428769
NA	NA	NA	NA	NA	17.4271447430175	15.8588310156192
NA	NA	NA	NA	NA	17.4355253596245	15.8652724019824
NA	NA	NA	NA	NA	17.4438961767243	15.8716863384915
NA	NA	NA	NA	NA	17.4522583409306	15.8780990303381
NA	NA	NA	NA	NA	17.4605898030593	15.8844844181018
NA	NA	NA	NA	NA	17.468916287549	15.890869213436
NA	NA	NA	NA	NA	17.4772418151608	15.897232382292
NA	NA	NA	NA	NA	17.4855590869191	15.9035429912558
NA	NA	NA	NA	NA	17.493847931088	15.9098442502998
NA	NA	NA	NA	NA	17.5021281832663	15.9161273215728
NA	NA	NA	NA	NA	17.5103971543577	15.9224064794475
NA	NA	NA	NA	NA	17.518662994807	15.9286837553776
NA	NA	NA	NA	NA	17.5269239021232	15.9349575888627
NA	NA	NA	NA	NA	17.5351836721952	15.9412177179782
NA	NA	NA	NA	NA	17.5434249348198	15.9474691288496
NA	NA	NA	NA	NA	17.5516589593715	15.9536953754858
NA	NA	NA	NA	NA	17.5598804543274	15.9599213885142
NA	NA	NA	NA	NA	17.5680708208856	15.9661402550119
NA	NA	NA	NA	NA	17.576250763682	15.9723357364317
NA	NA	NA	NA	NA	17.584409165599	15.9785251403102
NA	NA	NA	NA	NA	17.5925600050184	15.9846905479928
NA	NA	NA	NA	NA	17.60070633294	15.9908506518432
NA	NA	NA	NA	NA	17.6088469160805	15.9970041903792
NA	NA	NA	NA	NA	17.6169851802268	16.0031505319253
NA	NA	NA	NA	NA	17.6251149695035	16.0092910631775
NA	NA	NA	NA	NA	17.6332440982182	16.015430392751
NA	NA	NA	NA	NA	17.6413646290862	16.0215377946755
NA	NA	NA	NA	NA	17.6494485186749	16.02764449017
NA	NA	NA	NA	NA	17.6575241090753	16.0337436821811
NA	NA	NA	NA	NA	17.6655835449874	16.0398290165758
NA	NA	NA	NA	NA	17.6736323381217	16.0458814496441
NA	NA	NA	NA	NA	17.6816631438252	16.0519291563589
NA	NA	NA	NA	NA	17.6896843678664	16.0579474527826
NA	NA	NA	NA	NA	17.6976892640804	16.0639303641615
NA	NA	NA	NA	NA	17.705682456401	16.0699020193808
NA	NA	NA	NA	NA	17.7136150913506	16.0758630949689
NA	NA	NA	NA	NA	17.7215397011749	16.081822225071
NA	NA	NA	NA	NA	17.729464052162	16.0877798974602
NA	NA	NA	NA	NA	17.7373767039405	16.0937196810964
NA	NA	NA	NA	NA	17.7452749311067	16.0996365674278
NA	NA	NA	NA	NA	17.7531702899815	16.1055496786568
NA	NA	NA	NA	NA	17.7610524774379	16.111457003887
NA	NA	NA	NA	NA	17.768905425657	16.1173495856601
NA	NA	NA	NA	NA	17.7767546342051	16.1231979146352
NA	NA	NA	NA	NA	17.7845942927136	16.1290284763333
NA	NA	NA	NA	NA	17.792400671313	16.1348546555487
NA	NA	NA	NA	NA	17.80018143791	16.1406536241243
NA	NA	NA	NA	NA	17.8079319381192	16.1464486979902
NA	NA	NA	NA	NA	17.8156663107779	16.1522252159191
NA	NA	NA	NA	NA	17.8233971065638	16.1579986072409
NA	NA	NA	NA	NA	17.8311222559502	16.1637628972017
NA	NA	NA	NA	NA	17.8388278402871	16.1695224122186
NA	NA	NA	NA	NA	17.8465256126588	16.1752691554283
NA	NA	NA	NA	NA	17.8542155871197	16.1810030670273
NA	NA	NA	NA	NA	17.8619042076628	16.1866989566162
NA	NA	NA	NA	NA	17.8695926642366	16.1923683943237
NA	NA	NA	NA	NA	17.8772802658277	16.1980017256053
NA	NA	NA	NA	NA	17.8849578137591	16.2036251313576
NA	NA	NA	NA	NA	17.8926092296712	16.2092397627999
NA	NA	NA	NA	NA	17.9002572549327	16.2148280283284
NA	NA	NA	NA	NA	17.9079002908431	16.2204099359862
NA	NA	NA	NA	NA	17.9155329510113	16.2259911035744
NA	NA	NA	NA	NA	17.9231590805171	16.2315562213705
NA	NA	NA	NA	NA	17.9307767129003	16.2371069451867
NA	NA	NA	NA	NA	17.9383594022574	16.2426374180075
NA	NA	NA	NA	NA	17.9459403488552	16.2481057903923
NA	NA	NA	NA	NA	17.9535133031216	16.2535372060189
NA	NA	NA	NA	NA	17.9610688813284	16.2589128024567
NA	NA	NA	NA	NA	17.9686240812347	16.2642779706412
NA	NA	NA	NA	NA	17.9761704256284	16.2696192659745
NA	NA	NA	NA	NA	17.9837007150865	16.2749534409413
NA	NA	NA	NA	NA	17.9912284794177	16.2802835455252
NA	NA	NA	NA	NA	17.9987425124923	16.2856136052565
NA	NA	NA	NA	NA	18.0062497853475	16.2909326985019
NA	NA	NA	NA	NA	18.0137320318049	16.2962021360675
NA	NA	NA	NA	NA	18.0212073704705	16.3014602128173
NA	NA	NA	NA	NA	18.0286736884829	16.3066962724965
NA	NA	NA	NA	NA	18.0361298638238	16.3119197341729
NA	NA	NA	NA	NA	18.0435747721323	16.317102768613
NA	NA	NA	NA	NA	18.0510178908332	16.3222683048925
NA	NA	NA	NA	NA	18.0584194761139	16.3274256705046
NA	NA	NA	NA	NA	18.0658126661672	16.3324810634967
NA	NA	NA	NA	NA	18.0732007696591	16.3375291417605
NA	NA	NA	NA	NA	18.0805826493453	16.3425659096678
NA	NA	NA	NA	NA	18.0879631188956	16.3476015973724
NA	NA	NA	NA	NA	18.0953335464984	16.352610093126
NA	NA	NA	NA	NA	18.1026679559051	16.3576057572688
NA	NA	NA	NA	NA	18.1099671657909	16.362593648812
NA	NA	NA	NA	NA	18.1172580729749	16.3675788398487
NA	NA	NA	NA	NA	18.1245178107687	16.3725128614269
NA	NA	NA	NA	NA	18.131777091791	16.3774463466415
NA	NA	NA	NA	NA	18.1390225829964	16.3823794150997
NA	NA	NA	NA	NA	18.1462183048386	16.3873110893865
NA	NA	NA	NA	NA	18.1533795732202	16.3922381644023
NA	NA	NA	NA	NA	18.1605311873245	16.3971440353028
NA	NA	NA	NA	NA	18.1676645258806	16.4020261398775
NA	NA	NA	NA	NA	18.174789405964	16.4068841716327
NA	NA	NA	NA	NA	18.1819136840459	16.4117326366802
NA	NA	NA	NA	NA	18.1890200192031	16.4165409323945
NA	NA	NA	NA	NA	18.1961246947569	16.4213285098978
NA	NA	NA	NA	NA	18.2032284064055	16.4261155977592
NA	NA	NA	NA	NA	18.2103202619035	16.4308803676631
NA	NA	NA	NA	NA	18.2173741643679	16.4356083508753
NA	NA	NA	NA	NA	18.224425310977	16.440292617653
NA	NA	NA	NA	NA	18.2314565107225	16.4449671999847
NA	NA	NA	NA	NA	18.2384691842811	16.4496371737011
NA	NA	NA	NA	NA	18.2454803996843	16.4542268162267
NA	NA	NA	NA	NA	18.252487978483	16.4588076003435
NA	NA	NA	NA	NA	18.2594888392257	16.463368215695
NA	NA	NA	NA	NA	18.2664614878816	16.4679207743796
NA	NA	NA	NA	NA	18.2734230662683	16.4724727275528
NA	NA	NA	NA	NA	18.2803818759165	16.4769602741135
NA	NA	NA	NA	NA	18.287338173321	16.4814278649592
NA	NA	NA	NA	NA	18.2942688950304	16.4858919647695
NA	NA	NA	NA	NA	18.3011957716602	16.4903473594178
NA	NA	NA	NA	NA	18.3081128042767	16.4947165322202
NA	NA	NA	NA	NA	18.3150280625113	16.4990722398675
NA	NA	NA	NA	NA	18.321941602582	16.5034254357634
NA	NA	NA	NA	NA	18.3288280385298	16.5077488251694
NA	NA	NA	NA	NA	18.3357105321874	16.5120717062447
NA	NA	NA	NA	NA	18.3425926006961	16.5163820080058
NA	NA	NA	NA	NA	18.3494648181644	16.5206876862007
NA	NA	NA	NA	NA	18.3563254512026	16.5249759634158
NA	NA	NA	NA	NA	18.3631680593314	16.5292525340755
NA	NA	NA	NA	NA	18.3700103500626	16.5335275218085
NA	NA	NA	NA	NA	18.3768377840052	16.5377993791966
NA	NA	NA	NA	NA	18.383644945488	16.5420640190373
NA	NA	NA	NA	NA	18.3904152794692	16.5463258107314
NA	NA	NA	NA	NA	18.3971743534453	16.5505543833924
NA	NA	NA	NA	NA	18.4039316916894	16.5547818627687
NA	NA	NA	NA	NA	18.4106853523366	16.5589795749013
NA	NA	NA	NA	NA	18.4174381814254	16.5631598617588
NA	NA	NA	NA	NA	18.4241770684399	16.5673304286618
NA	NA	NA	NA	NA	18.4309091015384	16.5714209951627
NA	NA	NA	NA	NA	18.4376382967969	16.5755027219434
NA	NA	NA	NA	NA	18.444363267504	16.5795648817325
NA	NA	NA	NA	NA	18.4510865469849	16.5836181644241
NA	NA	NA	NA	NA	18.4577993980193	16.5876687466093
NA	NA	NA	NA	NA	18.4645050578293	16.5917070784
NA	NA	NA	NA	NA	18.4712050841231	16.595741541645
NA	NA	NA	NA	NA	18.4778839911728	16.5997621379295
NA	NA	NA	NA	NA	18.4845626944322	16.6037692260749
NA	NA	NA	NA	NA	18.4912211217182	16.607773271712
NA	NA	NA	NA	NA	18.4978578757781	16.6117706286897
NA	NA	NA	NA	NA	18.5044910564789	16.6157506407535
NA	NA	NA	NA	NA	18.511115157966	16.6197117175012
NA	NA	NA	NA	NA	18.517722534586	16.6236651917158
NA	NA	NA	NA	NA	18.5243237857819	16.6276154589622
NA	NA	NA	NA	NA	18.5309193952632	16.6315607027058
NA	NA	NA	NA	NA	18.5374858814569	16.6355034197471
NA	NA	NA	NA	NA	18.5440330626096	16.6394449519296
NA	NA	NA	NA	NA	18.5505235291286	16.6433632167724
NA	NA	NA	NA	NA	18.5570099666881	16.6472537626449
NA	NA	NA	NA	NA	18.5634953103382	16.6511089421612
NA	NA	NA	NA	NA	18.5699554378545	16.654960264345
NA	NA	NA	NA	NA	18.5764119639026	16.6587445616399
NA	NA	NA	NA	NA	18.5828675588394	16.6625113103148
NA	NA	NA	NA	NA	18.5892764787477	16.6662673877841
NA	NA	NA	NA	NA	18.5956826088358	16.6699915077026
NA	NA	NA	NA	NA	18.6020669169543	16.6736760226845
NA	NA	NA	NA	NA	18.608408002769	16.6773487152414
NA	NA	NA	NA	NA	18.6147003358302	16.6810212433385
NA	NA	NA	NA	NA	18.620987476921	16.6846857988676
NA	NA	NA	NA	NA	18.6272714358365	16.6883435386547
NA	NA	NA	NA	NA	18.633525306388	16.6919983275078
NA	NA	NA	NA	NA	18.6397650556704	16.695642368532
NA	NA	NA	NA	NA	18.645999050802	16.6992694720542
NA	NA	NA	NA	NA	18.6522165318841	16.7028816172
NA	NA	NA	NA	NA	18.6584300519368	16.7064626345701
NA	NA	NA	NA	NA	18.6646429676455	16.7100314968576
NA	NA	NA	NA	NA	18.6708492144891	16.7135846980764
NA	NA	NA	NA	NA	18.6770551064564	16.7171161756362
NA	NA	NA	NA	NA	18.6832501518553	16.7206403683694
NA	NA	NA	NA	NA	18.6894341609501	16.7241164117261
NA	NA	NA	NA	NA	18.6955797297883	16.7275679692448
NA	NA	NA	NA	NA	18.7017130864282	16.7310173906535
NA	NA	NA	NA	NA	18.7078367314016	16.7344614727217
NA	NA	NA	NA	NA	18.713958719114	16.7378650527993
NA	NA	NA	NA	NA	18.7200668373672	16.7412436872985
NA	NA	NA	NA	NA	18.7261621004284	16.7445482045752
NA	NA	NA	NA	NA	18.7322331241443	16.7478402789646
NA	NA	NA	NA	NA	18.7382808782761	16.7511163708408
NA	NA	NA	NA	NA	18.7443120293465	16.754383497783
NA	NA	NA	NA	NA	18.7503266569977	16.7576163778178
NA	NA	NA	NA	NA	18.7563086922396	16.7608099313764
NA	NA	NA	NA	NA	18.7622681723351	16.7639742989076
NA	NA	NA	NA	NA	18.7681602446571	16.7671010107258
NA	NA	NA	NA	NA	18.7740402593806	16.7702177689817
NA	NA	NA	NA	NA	18.7798858768615	16.7733090845419
NA	NA	NA	NA	NA	18.7856926593882	16.7763838270284
NA	NA	NA	NA	NA	18.7914910724541	16.7794386997675
NA	NA	NA	NA	NA	18.7972841073274	16.7824742708935
NA	NA	NA	NA	NA	18.8030760834276	16.7855008752167
NA	NA	NA	NA	NA	18.808866330823	16.7885220785269
NA	NA	NA	NA	NA	18.8146519999617	16.7915427959328
NA	NA	NA	NA	NA	18.8204330732756	16.7945595195793
NA	NA	NA	NA	NA	18.8261895839905	16.7975702124061
NA	NA	NA	NA	NA	18.8319225967354	16.8005263905103
NA	NA	NA	NA	NA	18.8376391235399	16.8034821051366
NA	NA	NA	NA	NA	18.84334504973	16.8064333344926
NA	NA	NA	NA	NA	18.849044704095	16.8093749242552
NA	NA	NA	NA	NA	18.8547436908707	16.8123047345767
NA	NA	NA	NA	NA	18.8604053863459	16.8152284692259
NA	NA	NA	NA	NA	18.8660046329474	16.8181345393855
NA	NA	NA	NA	NA	18.871585057046	16.8210377053327
NA	NA	NA	NA	NA	18.8771553279322	16.8239319381165
NA	NA	NA	NA	NA	18.8827161729269	16.8268159743859
NA	NA	NA	NA	NA	18.8882750760568	16.8296859773659
NA	NA	NA	NA	NA	18.8938151625398	16.8325439915922
NA	NA	NA	NA	NA	18.8993397890617	16.835371608768
NA	NA	NA	NA	NA	18.9048559313442	16.8381757960131
NA	NA	NA	NA	NA	18.9103486962913	16.8409673385337
NA	NA	NA	NA	NA	18.9158349809381	16.8437541976846
NA	NA	NA	NA	NA	18.9213139759788	16.8465399018785
NA	NA	NA	NA	NA	18.9267896272174	16.8493157011004
NA	NA	NA	NA	NA	18.9322534000523	16.852061359306
NA	NA	NA	NA	NA	18.9376979346052	16.8547941447859
NA	NA	NA	NA	NA	18.9431192511073	16.8575204602634
NA	NA	NA	NA	NA	18.9485139518805	16.8602421783389
NA	NA	NA	NA	NA	18.9539066264619	16.8629562041758
NA	NA	NA	NA	NA	18.9592940224035	16.8656456694202
NA	NA	NA	NA	NA	18.964679268005	16.8683021081243
NA	NA	NA	NA	NA	18.9700621454215	16.8709370922856
NA	NA	NA	NA	NA	18.9754364121081	16.8735405113573
NA	NA	NA	NA	NA	18.9807803046557	16.8761037536204
NA	NA	NA	NA	NA	18.9860879904425	16.8786565937941
NA	NA	NA	NA	NA	18.9913862597075	16.8812023435031
NA	NA	NA	NA	NA	18.9966729222894	16.8837299801956
NA	NA	NA	NA	NA	19.0019567294634	16.8861908517709
NA	NA	NA	NA	NA	19.0072387048662	16.8886504450443
NA	NA	NA	NA	NA	19.0124896022332	16.8910874568506
NA	NA	NA	NA	NA	19.0177334278392	16.8935235379634
NA	NA	NA	NA	NA	19.0229629810901	16.8959495832838
NA	NA	NA	NA	NA	19.0281679635434	16.8983292434341
NA	NA	NA	NA	NA	19.0333719258736	16.9007089035844
NA	NA	NA	NA	NA	19.0385687918473	16.9030669110923
NA	NA	NA	NA	NA	19.0437587945351	16.9053646029281
NA	NA	NA	NA	NA	19.0489245004885	16.9076152368032
NA	NA	NA	NA	NA	19.0540703837263	16.9098507609239
NA	NA	NA	NA	NA	19.0592018540639	16.912037539501
NA	NA	NA	NA	NA	19.0643262690374	16.914188637753
NA	NA	NA	NA	NA	19.0694496521756	16.9163280836465
NA	NA	NA	NA	NA	19.0745676899151	16.9184625116439
NA	NA	NA	NA	NA	19.0796792766343	16.9205569086039
NA	NA	NA	NA	NA	19.0847850693818	16.9226323926743
NA	NA	NA	NA	NA	19.0898877186037	16.9246845720278
NA	NA	NA	NA	NA	19.0949884400154	16.9267318325349
NA	NA	NA	NA	NA	19.1000849052529	16.9287512806285
NA	NA	NA	NA	NA	19.1051484548274	16.9307112839399
NA	NA	NA	NA	NA	19.1101875436981	16.9326427628012
NA	NA	NA	NA	NA	19.1152143149618	16.9345597766657
NA	NA	NA	NA	NA	19.1202288283501	16.9364707634484
NA	NA	NA	NA	NA	19.1252407428253	16.9383322477979
NA	NA	NA	NA	NA	19.1302359968498	16.9401886675298
NA	NA	NA	NA	NA	19.1352259944875	16.9419878271799
NA	NA	NA	NA	NA	19.140205437188	16.9437526875943
NA	NA	NA	NA	NA	19.1451426495989	16.9454817256501
NA	NA	NA	NA	NA	19.1500790269376	16.9471667968438
NA	NA	NA	NA	NA	19.1550105613264	16.9488447813106
NA	NA	NA	NA	NA	19.1599214344139	16.9505119450627
NA	NA	NA	NA	NA	19.1648270745388	16.9521352877242
NA	NA	NA	NA	NA	19.1697202553404	16.953747865737
NA	NA	NA	NA	NA	19.1745872443909	16.9553460049171
NA	NA	NA	NA	NA	19.1794403604687	16.9569329496102
NA	NA	NA	NA	NA	19.1842814575978	16.9584985257281
NA	NA	NA	NA	NA	19.1891089171671	16.9600639448616
NA	NA	NA	NA	NA	19.1939057027679	16.9616012002353
NA	NA	NA	NA	NA	19.1986914532357	16.9631306960915
NA	NA	NA	NA	NA	19.2034557635482	16.9645892387095
NA	NA	NA	NA	NA	19.2082076508448	16.9660224619767
NA	NA	NA	NA	NA	19.2129387444936	16.967450459904
NA	NA	NA	NA	NA	19.2176590185119	16.9688454910947
NA	NA	NA	NA	NA	19.222364241321	16.9701865981234
NA	NA	NA	NA	NA	19.2270520763585	16.9714960933409
NA	NA	NA	NA	NA	19.2317167975827	16.972796765658
NA	NA	NA	NA	NA	19.2363618905122	16.9740375409282
NA	NA	NA	NA	NA	19.2409959084876	16.9752687476217
NA	NA	NA	NA	NA	19.2456212114955	16.9764623154221
NA	NA	NA	NA	NA	19.2502354536038	16.9776315618443
NA	NA	NA	NA	NA	19.2548491054227	16.978798857174
NA	NA	NA	NA	NA	19.2594545283258	16.9799324419597
NA	NA	NA	NA	NA	19.2640387699109	16.9808874307581
NA	NA	NA	NA	NA	19.2686130386497	16.9818121738839
NA	NA	NA	NA	NA	19.2731743479589	16.9824387549297
NA	NA	NA	NA	NA	19.2777333874647	16.9830348137112
NA	NA	NA	NA	NA	19.2822822761004	16.9836156562132
NA	NA	NA	NA	NA	19.2868307911205	16.9841563256444
NA	NA	NA	NA	NA	19.2913721723054	16.9846468460161
NA	NA	NA	NA	NA	19.2959106219537	16.9849362113597
NA	NA	NA	NA	NA	19.3004410839553	16.9851995266273
NA	NA	NA	NA	NA	19.3049471730939	16.9854535125327
NA	NA	NA	NA	NA	19.309443014152	16.9856321552416
NA	NA	NA	NA	NA	19.3139362153046	16.9856851935627
NA	NA	NA	NA	NA	19.3184210704206	NA
NA	NA	NA	NA	NA	19.3228504804937	NA
NA	NA	NA	NA	NA	19.3272716077755	NA
NA	NA	NA	NA	NA	19.3316692675388	NA
NA	NA	NA	NA	NA	19.3360652829245	NA
NA	NA	NA	NA	NA	19.3404600720541	NA
NA	NA	NA	NA	NA	19.3448284773544	NA
NA	NA	NA	NA	NA	19.3491952570163	NA
NA	NA	NA	NA	NA	19.3535106943812	NA
NA	NA	NA	NA	NA	19.3577885558418	NA
NA	NA	NA	NA	NA	19.362051970437	NA
NA	NA	NA	NA	NA	19.3663027921911	NA
NA	NA	NA	NA	NA	19.3705291462142	NA
NA	NA	NA	NA	NA	19.3747337403417	NA
NA	NA	NA	NA	NA	19.3788848172368	NA
NA	NA	NA	NA	NA	19.3830195136001	NA
NA	NA	NA	NA	NA	19.3871449515549	NA
NA	NA	NA	NA	NA	19.3912702630191	NA
NA	NA	NA	NA	NA	19.3953847091756	NA
NA	NA	NA	NA	NA	19.3994720910303	NA
NA	NA	NA	NA	NA	19.4035473239321	NA
NA	NA	NA	NA	NA	19.4075974449378	NA
NA	NA	NA	NA	NA	19.4116314243385	NA
NA	NA	NA	NA	NA	19.4156450692052	NA
NA	NA	NA	NA	NA	19.4196579422452	NA
NA	NA	NA	NA	NA	19.4236706454598	NA
NA	NA	NA	NA	NA	19.4276542558382	NA
NA	NA	NA	NA	NA	19.4316280842776	NA
NA	NA	NA	NA	NA	19.4355913226434	NA
NA	NA	NA	NA	NA	19.4395244773302	NA
NA	NA	NA	NA	NA	19.4434543994795	NA
NA	NA	NA	NA	NA	19.447367480812	NA
NA	NA	NA	NA	NA	19.4512676120846	NA
NA	NA	NA	NA	NA	19.4551610662935	NA
NA	NA	NA	NA	NA	19.4590452386697	NA
NA	NA	NA	NA	NA	19.4629272197135	NA
NA	NA	NA	NA	NA	19.4667917497404	NA
NA	NA	NA	NA	NA	19.4706370672519	NA
NA	NA	NA	NA	NA	19.474481727715	NA
NA	NA	NA	NA	NA	19.4783256186936	NA
NA	NA	NA	NA	NA	19.4821528094005	NA
NA	NA	NA	NA	NA	19.4859547652343	NA
NA	NA	NA	NA	NA	19.4897419989686	NA
NA	NA	NA	NA	NA	19.4935229620489	NA
NA	NA	NA	NA	NA	19.4972933444255	NA
NA	NA	NA	NA	NA	19.5010112660002	NA
NA	NA	NA	NA	NA	19.5047192018454	NA
NA	NA	NA	NA	NA	19.5084196138428	NA
NA	NA	NA	NA	NA	19.5121170849339	NA
NA	NA	NA	NA	NA	19.5158093289184	NA
NA	NA	NA	NA	NA	19.5194945198812	NA
NA	NA	NA	NA	NA	19.5231131838199	NA
NA	NA	NA	NA	NA	19.5267218725699	NA
NA	NA	NA	NA	NA	19.5302986681226	NA
NA	NA	NA	NA	NA	19.5338692925741	NA
NA	NA	NA	NA	NA	19.5374348656004	NA
NA	NA	NA	NA	NA	19.5409864075406	NA
NA	NA	NA	NA	NA	19.5445077685914	NA
NA	NA	NA	NA	NA	19.5480024834619	NA
NA	NA	NA	NA	NA	19.5514542945976	NA
NA	NA	NA	NA	NA	19.5548732884519	NA
NA	NA	NA	NA	NA	19.5582824535187	NA
NA	NA	NA	NA	NA	19.5616900749318	NA
NA	NA	NA	NA	NA	19.5650548043221	NA
NA	NA	NA	NA	NA	19.5684165213624	NA
NA	NA	NA	NA	NA	19.5717708878939	NA
NA	NA	NA	NA	NA	19.5751087462318	NA
NA	NA	NA	NA	NA	19.5784291968877	NA
NA	NA	NA	NA	NA	19.5817374564271	NA
NA	NA	NA	NA	NA	19.5850442261885	NA
NA	NA	NA	NA	NA	19.5883203325221	NA
NA	NA	NA	NA	NA	19.5915607474271	NA
NA	NA	NA	NA	NA	19.5947907830762	NA
NA	NA	NA	NA	NA	19.5980100318888	NA
NA	NA	NA	NA	NA	19.6011744048662	NA
NA	NA	NA	NA	NA	19.604299134755	NA
NA	NA	NA	NA	NA	19.6074196108121	NA
NA	NA	NA	NA	NA	19.6105192979062	NA
NA	NA	NA	NA	NA	19.6135624366783	NA
NA	NA	NA	NA	NA	19.6165904738793	NA
NA	NA	NA	NA	NA	19.6196014102549	NA
NA	NA	NA	NA	NA	19.6225533903025	NA
NA	NA	NA	NA	NA	19.6254926779562	NA
NA	NA	NA	NA	NA	19.6284216378873	NA
NA	NA	NA	NA	NA	19.6313433925394	NA
NA	NA	NA	NA	NA	19.634259914229	NA
NA	NA	NA	NA	NA	19.6371643666079	NA
NA	NA	NA	NA	NA	19.6400147946206	NA
NA	NA	NA	NA	NA	19.6428298638281	NA
NA	NA	NA	NA	NA	19.6456323800155	NA
NA	NA	NA	NA	NA	19.6483890667875	NA
NA	NA	NA	NA	NA	19.6510894711021	NA
NA	NA	NA	NA	NA	19.6537794270595	NA
NA	NA	NA	NA	NA	19.6564527354496	NA
NA	NA	NA	NA	NA	19.6591131078342	NA
NA	NA	NA	NA	NA	19.6617607292645	NA
NA	NA	NA	NA	NA	19.664401410109	NA
NA	NA	NA	NA	NA	19.6669973062568	NA
NA	NA	NA	NA	NA	19.6695843199541	NA
NA	NA	NA	NA	NA	19.6721178773217	NA
NA	NA	NA	NA	NA	19.6746460377574	NA
NA	NA	NA	NA	NA	19.6771647816713	NA
NA	NA	NA	NA	NA	19.6796690424124	NA
NA	NA	NA	NA	NA	19.682157808056	NA
NA	NA	NA	NA	NA	19.6846357938902	NA
NA	NA	NA	NA	NA	19.687104852768	NA
NA	NA	NA	NA	NA	19.6895625649712	NA
NA	NA	NA	NA	NA	19.6919917605731	NA
NA	NA	NA	NA	NA	19.6944078456595	NA
NA	NA	NA	NA	NA	19.6968180536181	NA
NA	NA	NA	NA	NA	19.6991800944278	NA
NA	NA	NA	NA	NA	19.7014624485069	NA
NA	NA	NA	NA	NA	19.7037309307845	NA
NA	NA	NA	NA	NA	19.7059839835522	NA
NA	NA	NA	NA	NA	19.7082253617067	NA
NA	NA	NA	NA	NA	19.7104151246725	NA
NA	NA	NA	NA	NA	19.7125956327433	NA
NA	NA	NA	NA	NA	19.7147215601236	NA
NA	NA	NA	NA	NA	19.716765285016	NA
NA	NA	NA	NA	NA	19.7187774341087	NA
NA	NA	NA	NA	NA	19.7207548123432	NA
NA	NA	NA	NA	NA	19.7226887832229	NA
NA	NA	NA	NA	NA	19.724533073444	NA
NA	NA	NA	NA	NA	19.7263724574698	NA
NA	NA	NA	NA	NA	19.72820551111	NA
NA	NA	NA	NA	NA	19.7300330846623	NA
NA	NA	NA	NA	NA	19.7318519631577	NA
NA	NA	NA	NA	NA	19.7336360450282	NA
NA	NA	NA	NA	NA	19.7353544829663	NA
NA	NA	NA	NA	NA	19.7370677792961	NA
NA	NA	NA	NA	NA	19.7387787050984	NA
NA	NA	NA	NA	NA	19.7404546187734	NA
NA	NA	NA	NA	NA	19.742120513925	NA
NA	NA	NA	NA	NA	19.743769782591	NA
NA	NA	NA	NA	NA	19.7453266475371	NA
NA	NA	NA	NA	NA	19.7468769724511	NA
NA	NA	NA	NA	NA	19.7483032241488	NA
NA	NA	NA	NA	NA	19.7497177286184	NA
NA	NA	NA	NA	NA	19.7510611570874	NA
NA	NA	NA	NA	NA	19.7523679103119	NA
NA	NA	NA	NA	NA	19.7536620203333	NA
NA	NA	NA	NA	NA	19.7549525405985	NA
NA	NA	NA	NA	NA	19.7561596543728	NA
NA	NA	NA	NA	NA	19.7573563514126	NA
NA	NA	NA	NA	NA	19.7584989409304	NA
NA	NA	NA	NA	NA	19.7596396670544	NA
NA	NA	NA	NA	NA	19.7607670566195	NA
NA	NA	NA	NA	NA	19.7618712140791	NA
NA	NA	NA	NA	NA	19.7629311068588	NA
NA	NA	NA	NA	NA	19.7636914136984	NA
NA	NA	NA	NA	NA	19.7643699888763	NA
NA	NA	NA	NA	NA	19.7650266155941	NA
NA	NA	NA	NA	NA	19.7656811411626	NA
NA	NA	NA	NA	NA	19.7662186582486	NA
NA	NA	NA	NA	NA	19.7667193009846	NA
