HT	IQ
0.207506304	0.214047908241852
0.384511744	0.332436296608108
0.545526828	0.425219043928726
0.702621996	0.517525343380678
0.85403934	0.598690204235583
1.0049463	0.67895568706466
1.1367657	0.758471007297154
1.263986754	0.82299172686889
1.386173004	0.886975052597532
1.506786412	0.950368993893165
1.622772766	1.00164850165722
1.738429966	1.05238511548754
1.849887598	1.10308330963261
1.95759762	1.15300522488511
2.05914918	1.20291881438962
2.16066918	1.25178994442039
2.261699052	1.2983113733949
2.360637192	1.34465934226239
2.457342816	1.39063659089053
2.553921592	1.43557026226544
2.646177992	1.47980444486869
2.7366162	1.52189313280801
2.82597108	1.56371776361541
2.91412428	1.60451765313685
3.002192436	1.6449134006441
3.088642072	1.68513734191349
3.174542872	1.72474315558435
3.260392252	1.76320466771381
3.345247132	1.8009204328486
3.429846812	1.83826226286356
3.513519164	1.87388978441976
3.59716022	1.90877610844611
3.680410316	1.9436402762317
3.763405772	1.97746623258383
3.84624184	2.01056853034812
3.928700524	2.04354493717715
4.010872146	2.07637633660922
4.092439866	2.10897107398506
4.173816216	2.1412456293179
4.253004856	2.17289080443844
4.332134496	2.20429581703975
4.410108896	2.23439771350096
4.487633648	2.26418861338955
4.564909152	2.2938128037722
4.641648192	2.32312788974355
4.718260192	2.35224479090009
4.794700072	2.38104584852437
4.870049588	2.40969891472647
4.944446924	2.438271749231
5.018843724	2.46675243780531
5.093018824	2.49506408524509
5.167064488	2.5232079611764
5.240814448	2.55121882634428
5.314494064	2.57920634135236
5.386987538	2.60707144235011
5.459261138	2.6347411116426
5.530994738	2.66231785263284
5.602634054	2.68971588200126
5.674128664	2.71708946574156
5.745065656	2.74414508378827
5.815967656	2.77115502875652
5.886176964	2.79801283762298
5.956386264	2.82462856938914
6.026231546	2.85074052231011
6.095575466	2.87667546003023
6.164902586	2.90255126625345
6.231953086	2.92841207618355
6.298776034	2.95398996730704
6.365545154	2.97934138706219
6.432296834	3.004581745219
6.498783854	3.02958510038596
6.564890654	3.05435410918273
6.630944488	3.07858730233952
6.696913678	3.10247289363493
6.762666958	3.12627379255175
6.828378478	3.14964534999933
6.894036546	3.17273645018872
6.959592546	3.19573424674497
7.024981202	3.21863166552939
7.090136648	3.241474560413
7.155049048	3.26419945478412
7.219896628	3.28645464482172
7.284572628	3.30852646589966
7.349111088	3.33028542600647
7.4134401	3.3519239254399
7.4776548	3.3735473687453
7.541605536	3.39514886622267
7.605534376	3.41665919591549
7.668788896	3.43797717195407
7.731509936	3.45926467183456
7.794173456	3.48053658182248
7.856700896	3.50177076383318
7.919165576	3.52287978022746
7.981554236	3.54393359579368
8.043925916	3.56492183386855
8.105872566	3.58572447531532
8.167439536	3.60597672612279
8.228934646	3.62620485466026
8.290369892	3.64632297057499
8.351381612	3.6662623924596
8.411902748	3.68615069868834
8.472346208	3.70597391424441
8.532676128	3.72572801755952
8.592489248	3.745350576368
8.65215035	3.76492454104413
8.71170727	3.78445000571507
8.770800766	3.80395537340742
8.829770078	3.82333824622684
8.888681798	3.84259840315323
8.947321478	3.86172311764335
9.005778854	3.8808333776739
9.064189454	3.89986690232166
9.122587486	3.91870455525911
9.180700706	3.93751092120653
9.238697106	3.95625735867362
9.296535506	3.974967601427
9.353842418	3.99364536212502
9.411116778	4.01228662035287
9.468389898	4.03068054954117
9.525186138	4.04895910417142
9.581524638	4.06718677112184
9.637511838	4.08539779524308
9.693474558	4.10319120197307
9.749344502	4.12057841188388
9.804763766	4.13792152518728
9.859690066	4.1552202028998
9.914571366	4.17234924412966
9.969327546	4.18933000559645
10.023776594	4.20626361089501
10.078188614	4.22299718061548
10.132456814	4.23967703856934
10.186597214	4.25628475417462
10.240498094	4.27287012943178
10.294090832	4.28933064357406
10.347527472	4.30575027975295
10.400918692	4.32194529079812
10.454165572	4.33812641100102
10.50722896	4.35409654165914
10.55992656	4.37002769836115
10.612531684	4.38592539505732
10.66493528	4.40174110983606
10.71732634	4.41750244513971
10.769693956	4.43326334472605
10.821772196	4.44901306113549
10.873665128	4.46475053315814
10.925417108	4.48048076872438
10.977118628	4.49620935096829
11.02881092	4.51184920546776
11.08048096	4.52743974190744
11.13213848	4.54269269055177
11.18369516	4.55781561811965
11.23507176	4.57292267969155
11.28635148	4.58793204928197
11.33753646	4.60291827198687
11.38871346	4.61779423489234
11.43949934	4.63221367034539
11.49016862	4.64658391093687
11.539502864	4.66084801327992
11.588526224	4.67499795634068
11.637161992	4.689106172523
11.685761236	4.70300788408239
11.734253566	4.71678975512095
11.782739164	4.7304341978089
11.831163364	4.74403810642865
11.87957022	4.75738917308632
11.92782968	4.77051931609978
11.976021964	4.78349673678285
12.024192284	4.79644467518847
12.072353224	4.80934716351443
12.120099424	4.82222432559762
12.167737216	4.83508164162611
12.215095296	4.84793056038337
12.262438356	4.86076593509675
12.309758236	4.8733365981509
12.356928796	4.88581772234273
12.403747336	4.89816628655178
12.450398416	4.9104234688175
12.497025888	4.9226702958112
12.543445248	4.93471804555228
12.589841478	4.94667670631857
12.636202278	4.95851330236241
12.682523094	4.9702300297924
12.728842134	4.98174351918035
12.775106994	4.99316033180147
12.821251794	5.00454317009205
12.867197154	5.01591081087956
12.913006662	5.02727535392921
12.958756542	5.03854132980513
13.004427362	5.04960672789898
13.050052732	5.06051714731438
13.095662412	5.07139357404662
13.141048544	5.08213851666835
13.186431608	5.09279351745254
13.231769208	5.10336926068636
13.277050808	5.11391677025886
13.322315048	5.12435720499262
13.367571688	5.13472508926915
13.412693768	5.14493198160357
13.457708488	5.15499815286454
13.502651848	5.16499286678116
13.547535048	5.1749573263436
13.592183756	5.18487905444057
13.636677436	5.19476844054587
13.681163436	5.20452865544816
13.725617526	5.21418010802226
13.769983286	5.22378168306492
13.814345526	5.23326645095255
13.858655206	5.24261157114184
13.902865606	5.25189362329419
13.947030726	5.26036420835671
13.991158986	5.26880227277239
14.035196266	5.27718480755979
14.079210046	5.28549799687648
14.123181446	5.29373628291879
14.167112606	5.30185848758825
14.211015006	5.30987917409516
14.254897506	5.31786510225215
14.298773758	5.3257996407272
14.342606638	5.33366767316955
14.386342518	5.34101890380462
14.430055318	5.34830423164823
14.473695318	5.35556270605401
14.517286278	5.36277135170037
14.5608691	5.36988482253411
14.60416614	5.37685337131101
14.64739878	5.3837429243827
14.690571028	5.39051083058686
14.733314404	5.39717289389511
14.776005514	5.4037633154282
14.818689214	5.41033080318471
14.861307634	5.416411700648
14.903865394	5.42234138670006
14.946416954	5.42826079175718
14.988718994	5.43386767102281
15.030946274	5.43933415843102
15.073128374	5.44470393467996
15.11527263	5.44920402267462
15.157392026	5.45295824980072
15.199463066	5.45651937862441
15.241435946	5.46003745352798
15.283386558	5.46318206350031
15.325119998	5.46547560152392
15.366834878	NA
15.408513698	NA
15.449996498	NA
15.491349458	NA
15.532681418	NA
15.573977712	NA
15.615252932	NA
15.656513332	NA
15.697762932	NA
15.738901092	NA
15.779992772	NA
15.821075572	NA
15.861947992	NA
15.902744932	NA
15.943441608	NA
15.984134408	NA
16.024711008	NA
16.065215584	NA
16.105687386	NA
16.145907786	NA
16.186128026	NA
16.226346026	NA
16.266547466	NA
16.306716666	NA
16.346860506	NA
16.386935706	NA
16.426894926	NA
16.466533666	NA
16.506153466	NA
16.545702766	NA
16.585241626	NA
16.624380726	NA
16.663486646	NA
16.702581666	NA
16.741604146	NA
16.780388306	NA
16.819129226	NA
16.857606026	NA
16.895976386	NA
16.934088686	NA
16.972186286	NA
17.010206606	NA
17.048144406	NA
17.086049926	NA
17.123868366	NA
17.161637966	NA
17.199308676	NA
17.236714776	NA
17.274111576	NA
17.311400856	NA
17.348669676	NA
17.385900216	NA
17.42310876	NA
17.46020836	NA
17.4972876	NA
17.53416624	NA
17.570929	NA
17.60761346	NA
17.644284644	NA
17.680928124	NA
17.717429224	NA
17.75387812	NA
17.79027604	NA
17.82663976	NA
17.862943708	NA
17.899246428	NA
17.935544788	NA
17.971798548	NA
18.008014338	NA
18.044099898	NA
18.080089578	NA
18.116060418	NA
18.152006778	NA
18.187897578	NA
18.223614618	NA
18.259215938	NA
18.294806438	NA
18.330281632	NA
18.365683132	NA
18.400997026	NA
18.436310326	NA
18.471544126	NA
18.506769306	NA
18.541872906	NA
18.576903186	NA
18.611818786	NA
18.646684426	NA
18.6815042	NA
18.71632364	NA
18.751129124	NA
18.785718364	NA
18.820297084	NA
18.854847964	NA
18.889328384	NA
18.923761744	NA
18.958127344	NA
18.992445144	NA
19.026740196	NA
19.060859436	NA
19.094947656	NA
19.129023376	NA
19.162976676	NA
19.196920692	NA
19.230819692	NA
19.264700252	NA
19.298523412	NA
19.332307412	NA
19.366030292	NA
19.399712212	NA
19.433379712	NA
19.466981712	NA
19.500539916	NA
19.533940856	NA
19.567334936	NA
19.600723736	NA
19.634081816	NA
19.667430656	NA
19.700737236	NA
19.734012978	NA
19.767229198	NA
19.800444138	NA
19.833648378	NA
19.866829638	NA
19.899989638	NA
19.933114726	NA
19.966130566	NA
19.99913483	NA
20.03213375	NA
20.06509283	NA
20.09804491	NA
20.13095571	NA
20.16384647	NA
20.19669467	NA
20.22948647	NA
20.26224647	NA
20.29496711	NA
20.32767623	NA
20.36036993	NA
20.39302047	NA
20.42565069	NA
20.45823189	NA
20.49075039	NA
20.52323823	NA
20.55570843	NA
20.58817323	NA
20.62062969	NA
20.65304607	NA
20.68539303	NA
20.71770823	NA
20.74996199	NA
20.78219323	NA
20.81437019	NA
20.84654669	NA
20.87865459	NA
20.91074247	NA
20.94278959	NA
20.97482631	NA
21.006762582	NA
21.038690262	NA
21.070516602	NA
21.102337482	NA
21.134143032	NA
21.165862992	NA
21.197557792	NA
21.229239332	NA
21.260731572	NA
21.292157472	NA
21.323555672	NA
21.354900972	NA
21.386167662	NA
21.417420062	NA
21.448640862	NA
21.479783724	NA
21.510881604	NA
21.541965304	NA
21.573007084	NA
21.604024244	NA
21.635011604	NA
21.665906884	NA
21.696749124	NA
21.727586724	NA
21.758410524	NA
21.789212124	NA
21.819902244	NA
21.850591204	NA
21.881257444	NA
21.911864804	NA
21.942447804	NA
21.972990684	NA
22.00351614	NA
22.03397076	NA
22.06437276	NA
22.09476326	NA
22.1251171	NA
22.1554571	NA
22.185790868	NA
22.216073108	NA
22.246287188	NA
22.276498308	NA
22.306690308	NA
22.336881168	NA
22.366927888	NA
22.396903088	NA
22.426875448	NA
22.456807288	NA
22.486723656	NA
22.516553196	NA
22.54635905	NA
22.57615105	NA
22.60586993	NA
22.63554965	NA
22.66521995	NA
22.69483487	NA
22.72438937	NA
22.75392107	NA
22.78344671	NA
22.81294991	NA
22.84244941	NA
22.87187231	NA
22.90128917	NA
22.93061689	NA
22.95993569	NA
22.98919145	NA
23.01839711	NA
23.04759446	NA
23.07675822	NA
23.10587934	NA
23.1349551	NA
23.16395511	NA
23.19292915	NA
23.22185707	NA
23.25072619	NA
23.27956839	NA
23.30835519	NA
23.33713893	NA
23.36583123	NA
23.39450211	NA
23.42314047	NA
23.45176929	NA
23.48032509	NA
23.50884357	NA
23.53731889	NA
23.56577739	NA
23.59413423	NA
23.62236397	NA
23.65057789	NA
23.67875275	NA
23.70691835	NA
23.73503489	NA
23.76313945	NA
23.79122753	NA
23.81930791	NA
23.84734735	NA
23.87536079	NA
23.90335767	NA
23.93133917	NA
23.95926437	NA
23.98711617	NA
24.01496613	NA
24.04280183	NA
24.07059007	NA
24.09836527	NA
24.12612019	NA
24.15387473	NA
24.18161781	NA
24.20928217	NA
24.23688877	NA
24.26449047	NA
24.292082118	NA
24.319654278	NA
24.347134678	NA
24.374510678	NA
24.401836418	NA
24.429153118	NA
24.456442718	NA
24.483540918	NA
24.510638838	NA
24.537717898	NA
24.564776978	NA
24.591810738	NA
24.618806778	NA
24.645795978	NA
24.672672978	NA
24.699546578	NA
24.726416338	NA
24.753270218	NA
24.779970158	NA
24.806632998	NA
24.833167518	NA
24.859695558	NA
24.886199378	NA
24.912699358	NA
24.939159178	NA
24.965605258	NA
24.992015278	NA
25.018418278	NA
25.044759558	NA
25.071066558	NA
25.097363058	NA
25.123648478	NA
25.149762278	NA
25.175852498	NA
25.201905778	NA
25.227894738	NA
25.253818578	NA
25.279690878	NA
25.305559358	NA
25.331378018	NA
25.357165558	NA
25.382943318	NA
25.408717698	NA
25.434404938	NA
25.460047418	NA
25.485677018	NA
25.511305398	NA
25.536933098	NA
25.562553578	NA
25.588141318	NA
25.613691798	NA
25.639139598	NA
25.664563038	NA
25.689877158	NA
25.715167878	NA
25.740439298	NA
25.765700498	NA
25.790955298	NA
25.816198318	NA
25.841411118	NA
25.866552718	NA
25.891686078	NA
25.916768178	NA
25.941844618	NA
25.966823418	NA
25.991744458	NA
26.016663118	NA
26.041550958	NA
26.066422358	NA
26.091228558	NA
26.116031398	NA
26.140809978	NA
26.165580178	NA
26.190267878	NA
26.214933998	NA
26.239591718	NA
26.264242878	NA
26.288892838	NA
26.313532638	NA
26.338168158	NA
26.362801998	NA
26.387415678	NA
26.412015358	NA
26.436608058	NA
26.461196018	NA
26.485775218	NA
26.510340718	NA
26.534810518	NA
26.559240438	NA
26.583621438	NA
26.607999038	NA
26.632372478	NA
26.656731358	NA
26.681081278	NA
26.705386018	NA
26.729653858	NA
26.753897698	NA
26.778135778	NA
26.802338058	NA
26.826527358	NA
26.850661818	NA
26.874794538	NA
26.898869218	NA
26.922938978	NA
26.946988678	NA
26.971004998	NA
26.995019078	NA
27.019004478	NA
27.042986238	NA
27.066961238	NA
27.090924118	NA
27.114884938	NA
27.138770218	NA
27.162627398	NA
27.186472998	NA
27.210266658	NA
27.234040818	NA
27.257769938	NA
27.281488338	NA
27.305169498	NA
27.328836918	NA
27.352496118	NA
27.376154298	NA
27.399804738	NA
27.423416418	NA
27.447009018	NA
27.470587818	NA
27.494161098	NA
27.517717378	NA
27.541271298	NA
27.564821418	NA
27.588352778	NA
27.611853578	NA
27.635341658	NA
27.658784858	NA
27.682208738	NA
27.705602038	NA
27.728963278	NA
27.752303598	NA
27.775618758	NA
27.798898758	NA
27.822136518	NA
27.845358318	NA
27.868552518	NA
27.891687118	NA
27.914771938	NA
27.937838698	NA
27.960883698	NA
27.983863218	NA
28.006818178	NA
28.029753618	NA
28.052681018	NA
28.075605818	NA
28.098454358	NA
28.121262118	NA
28.144052038	NA
28.166805678	NA
28.189537038	NA
28.212234318	NA
28.234925818	NA
28.257617218	NA
28.280305858	NA
28.302962138	NA
28.325601558	NA
28.348226758	NA
28.370809158	NA
28.393369158	NA
28.415928198	NA
28.438454198	NA
28.460950698	NA
28.483432938	NA
28.505906858	NA
28.528374858	NA
28.550809978	NA
28.573203778	NA
28.595589778	NA
28.617956718	NA
28.640285718	NA
28.662567318	NA
28.684780598	NA
28.706966198	NA
28.729149078	NA
28.751324758	NA
28.773448738	NA
28.795549578	NA
28.817637878	NA
28.839690158	NA
28.861720778	NA
28.883714778	NA
28.905694938	NA
28.927597938	NA
28.949473138	NA
28.971322058	NA
28.993169818	NA
29.015014618	NA
29.036858578	NA
29.058696618	NA
29.080515618	NA
29.102330138	NA
29.124143138	NA
29.145931698	NA
29.167695458	NA
29.189455958	NA
29.211163458	NA
29.232835458	NA
29.254501998	NA
29.276157618	NA
29.297788178	NA
29.319412578	NA
29.341034978	NA
29.362617518	NA
29.384171818	NA
29.405722018	NA
29.427264898	NA
29.448764398	NA
29.470256398	NA
29.491742638	NA
29.513228158	NA
29.534710738	NA
29.556163538	NA
29.577596938	NA
29.598996538	NA
29.620389178	NA
29.641779178	NA
29.663126518	NA
29.684455078	NA
29.705783078	NA
29.727108298	NA
29.748430898	NA
29.769709618	NA
29.790972658	NA
29.812231858	NA
29.833488058	NA
29.854730818	NA
29.875967138	NA
29.897180398	NA
29.918377678	NA
29.939554638	NA
29.960725338	NA
29.981895778	NA
30.003056698	NA
30.024213538	NA
30.045368738	NA
30.066514938	NA
30.087658638	NA
30.108799638	NA
30.129828978	NA
30.150854918	NA
30.171854678	NA
30.192829978	NA
30.213795278	NA
30.234695998	NA
30.255571678	NA
30.276436778	NA
30.297234218	NA
30.317987938	NA
30.338717458	NA
30.359442858	NA
30.380157058	NA
30.400860658	NA
30.421507438	NA
30.442147438	NA
30.462787138	NA
30.483376798	NA
30.503958418	NA
30.524530658	NA
30.545099858	NA
30.565665038	NA
30.586210958	NA
30.606741118	NA
30.627268838	NA
30.647784338	NA
30.668258498	NA
30.688702898	NA
30.709100278	NA
30.729468318	NA
30.749813718	NA
30.770147518	NA
30.790480558	NA
30.810778478	NA
30.831058078	NA
30.851298298	NA
30.871533238	NA
30.891767398	NA
30.912000898	NA
30.932228398	NA
30.952453798	NA
30.972656818	NA
30.992826658	NA
31.012974658	NA
31.033114498	NA
31.053252338	NA
31.073368018	NA
31.093445218	NA
31.113518818	NA
31.133583018	NA
31.153628758	NA
31.173665078	NA
31.193678758	NA
31.213686658	NA
31.233691538	NA
31.253694738	NA
31.273676818	NA
31.293653518	NA
31.313599158	NA
31.333508498	NA
31.353407498	NA
31.373298538	NA
31.393189178	NA
31.413056298	NA
31.432855938	NA
31.452639558	NA
31.472420418	NA
31.492154258	NA
31.511862578	NA
31.531568978	NA
31.551272618	NA
31.570972298	NA
31.590671218	NA
31.610367538	NA
31.630032178	NA
31.649688178	NA
31.669277398	NA
31.688837458	NA
31.708392658	NA
31.727942858	NA
31.747440698	NA
31.766908618	NA
31.786358698	NA
31.805791598	NA
31.825223598	NA
31.844652238	NA
31.864055118	NA
31.883444878	NA
31.902813398	NA
31.922161298	NA
31.941504538	NA
31.960834218	NA
31.980160238	NA
31.999485038	NA
32.018797918	NA
32.038064638	NA
32.057309678	NA
32.076553358	NA
32.095783698	NA
32.114979778	NA
32.134171258	NA
32.153339778	NA
32.172395178	NA
32.191439418	NA
32.210480778	NA
32.229481578	NA
32.248449258	NA
32.267396778	NA
32.286335778	NA
32.305251738	NA
32.324166678	NA
32.343039378	NA
32.361910338	NA
32.380772818	NA
32.399622818	NA
32.418470318	NA
32.437315118	NA
32.456136118	NA
32.474951118	NA
32.493728318	NA
32.512497398	NA
32.531256578	NA
32.550012818	NA
32.568732398	NA
32.587433918	NA
32.606088258	NA
32.624678578	NA
32.643259318	NA
32.661823318	NA
32.680371798	NA
32.698913958	NA
32.717450058	NA
32.735961378	NA
32.754449698	NA
32.772919138	NA
32.791383738	NA
32.809825058	NA
32.828245298	NA
32.846652098	NA
32.865056698	NA
32.883450138	NA
32.901837258	NA
32.920223178	NA
32.938599978	NA
32.956967678	NA
32.975329498	NA
32.993680998	NA
33.012027558	NA
33.030360558	NA
33.048676958	NA
33.066958098	NA
33.085226298	NA
33.103419198	NA
33.121554198	NA
33.139668758	NA
33.157769438	NA
33.175852958	NA
33.193929098	NA
33.211996378	NA
33.230059058	NA
33.248116538	NA
33.266138438	NA
33.284153958	NA
33.302166018	NA
33.320157378	NA
33.338120778	NA
33.356074778	NA
33.374024938	NA
33.391962018	NA
33.409861138	NA
33.427732578	NA
33.445586618	NA
33.463431438	NA
33.481274838	NA
33.499069518	NA
33.516827058	NA
33.534564918	NA
33.552285738	NA
33.570005898	NA
33.587652338	NA
33.605292338	NA
33.622930058	NA
33.640556258	NA
33.658171618	NA
33.675781798	NA
33.693382238	NA
33.710979758	NA
33.728565558	NA
33.746133678	NA
33.763699438	NA
33.781259638	NA
33.798810038	NA
33.816349238	NA
33.833879658	NA
33.851392318	NA
33.868890718	NA
33.886380378	NA
33.903847878	NA
33.921295678	NA
33.938739518	NA
33.956178278	NA
33.973605378	NA
33.991030478	NA
34.008454358	NA
34.025874438	NA
34.043277558	NA
34.060666818	NA
34.078013838	NA
34.095358258	NA
34.112701978	NA
34.130016358	NA
34.147317158	NA
34.164581678	NA
34.181830878	NA
34.199072618	NA
34.216306178	NA
34.233534158	NA
34.250760398	NA
34.267977418	NA
34.285188378	NA
34.302378918	NA
34.319552998	NA
34.336707558	NA
34.353856998	NA
34.370968578	NA
34.388071658	NA
34.405171858	NA
34.422265858	NA
34.439355958	NA
34.456412258	NA
34.473466918	NA
34.490502538	NA
34.507506898	NA
34.524506538	NA
34.541498538	NA
34.558460418	NA
34.575389418	NA
34.592314218	NA
34.609231118	NA
34.626105798	NA
34.642961718	NA
34.659815558	NA
34.676663498	NA
34.693509158	NA
34.710323558	NA
34.727115158	NA
34.743882278	NA
34.760610658	NA
34.777328978	NA
34.794030098	NA
34.810653458	NA
34.827274838	NA
34.843870998	NA
34.860459398	NA
34.877044398	NA
34.893621378	NA
34.910195218	NA
34.926762418	NA
34.943309298	NA
34.959855058	NA
34.976392658	NA
34.992903358	NA
35.009391998	NA
35.025856778	NA
35.042319518	NA
35.058775518	NA
35.075208078	NA
35.091615578	NA
35.108013778	NA
35.124397778	NA
35.140765538	NA
35.157126358	NA
35.173472638	NA
35.189816878	NA
35.206151498	NA
35.222481518	NA
35.238808538	NA
35.255128738	NA
35.271435938	NA
35.287733858	NA
35.304027278	NA
35.320318718	NA
35.336572358	NA
35.352805678	NA
35.369026918	NA
35.385232198	NA
35.401391798	NA
35.417551298	NA
35.433704498	NA
35.449850738	NA
35.465991458	NA
35.482131938	NA
35.498266018	NA
35.514374698	NA
35.530474958	NA
35.546574238	NA
35.562669698	NA
35.578743678	NA
35.594788838	NA
35.610833958	NA
35.626872318	NA
35.642888378	NA
35.658901338	NA
35.674897338	NA
35.690879178	NA
35.706838998	NA
35.722794958	NA
35.738739598	NA
35.754677998	NA
35.770615378	NA
35.786544478	NA
35.802465518	NA
35.818351838	NA
35.834233598	NA
35.850109598	NA
35.865983198	NA
35.881827438	NA
35.897636078	NA
35.913435278	NA
35.929224878	NA
35.944961678	NA
35.960684138	NA
35.976362378	NA
35.992035658	NA
36.007707258	NA
36.023353758	NA
36.038994678	NA
36.054622198	NA
36.070246338	NA
36.085844018	NA
36.101423218	NA
36.116999698	NA
36.132561298	NA
36.148106098	NA
36.163643698	NA
36.179180338	NA
36.194701618	NA
36.210214738	NA
36.225710738	NA
36.241187618	NA
36.256645998	NA
36.272096398	NA
36.287525978	NA
36.302935978	NA
36.318337858	NA
36.333651718	NA
36.348949318	NA
36.364236038	NA
36.379520918	NA
36.394802198	NA
36.410014318	NA
36.425210458	NA
36.440395978	NA
36.455578538	NA
36.470741738	NA
36.485892938	NA
36.501043258	NA
36.516180058	NA
36.531289378	NA
36.546394898	NA
36.561492898	NA
36.576584018	NA
36.591672198	NA
36.606727398	NA
36.621773478	NA
36.636806078	NA
36.651835838	NA
36.666850178	NA
36.681846278	NA
36.696821318	NA
36.711793558	NA
36.726727558	NA
36.741624858	NA
36.756510058	NA
36.771381298	NA
36.786233658	NA
36.801067818	NA
36.815901418	NA
36.830671418	NA
36.845408738	NA
36.860132738	NA
36.874852118	NA
36.889530998	NA
36.904199278	NA
36.918866578	NA
36.933524938	NA
36.948183298	NA
36.962832018	NA
36.977476818	NA
36.992119878	NA
37.006728078	NA
37.021335678	NA
37.035932198	NA
37.050504998	NA
37.065061798	NA
37.079593598	NA
37.094092398	NA
37.108582358	NA
37.123069298	NA
37.137554418	NA
37.152031218	NA
37.166485138	NA
37.180934738	NA
37.195349978	NA
37.209752378	NA
37.224147638	NA
37.238532638	NA
37.252916238	NA
37.267269598	NA
37.281580598	NA
37.295882698	NA
37.310177698	NA
37.324457698	NA
37.338737618	NA
37.353006818	NA
37.367275618	NA
37.381531618	NA
37.395746658	NA
37.409951718	NA
37.424115438	NA
37.438272078	NA
37.452407838	NA
37.466536638	NA
37.480646118	NA
37.494729518	NA
37.508801358	NA
37.522836278	NA
37.536863978	NA
37.550891418	NA
37.564917738	NA
37.578939438	NA
37.592942938	NA
37.606943638	NA
37.620943858	NA
37.634923018	NA
37.648893718	NA
37.662851318	NA
37.676800358	NA
37.690748558	NA
37.704666358	NA
37.718581238	NA
37.732492598	NA
37.746382478	NA
37.760269038	NA
37.774148118	NA
37.788005538	NA
37.801859438	NA
37.815709838	NA
37.829545478	NA
37.843326278	NA
37.857103878	NA
37.870876978	NA
37.884621618	NA
37.898344158	NA
37.912065998	NA
37.925785918	NA
37.939501178	NA
37.953204218	NA
37.966904978	NA
37.980602078	NA
37.994293098	NA
38.007945818	NA
38.021575618	NA
38.035205278	NA
38.048818038	NA
38.062338638	NA
38.075852438	NA
38.089341258	NA
38.102817098	NA
38.116289258	NA
38.129750858	NA
38.143207418	NA
38.156653818	NA
38.170095818	NA
38.183533338	NA
38.196961838	NA
38.210367958	NA
38.223767878	NA
38.237150478	NA
38.250528938	NA
38.263887038	NA
38.277243038	NA
38.290576138	NA
38.303903418	NA
38.317221018	NA
38.330535618	NA
38.343843258	NA
38.357121658	NA
38.370396698	NA
38.383634098	NA
38.396865998	NA
38.410063598	NA
38.423234198	NA
38.436376898	NA
38.449518338	NA
38.462651858	NA
38.475776618	NA
38.488898938	NA
38.502007738	NA
38.515096078	NA
38.528162698	NA
38.541219778	NA
38.554253218	NA
38.567269018	NA
38.580261658	NA
38.593249378	NA
38.606211298	NA
38.619132418	NA
38.632051518	NA
38.644965658	NA
38.657872058	NA
38.670753058	NA
38.683624958	NA
38.696494918	NA
38.709363418	NA
38.722229658	NA
38.735073658	NA
38.747903818	NA
38.760733358	NA
38.773561838	NA
38.786352638	NA
38.799132158	NA
38.811904958	NA
38.824667258	NA
38.837427658	NA
38.850185098	NA
38.862939418	NA
38.875690618	NA
38.888437498	NA
38.901183858	NA
38.913925818	NA
38.926626798	NA
38.939322558	NA
38.952017598	NA
38.964695998	NA
38.977369118	NA
38.990040238	NA
39.002672938	NA
39.015295438	NA
39.027880778	NA
39.040450538	NA
39.053000318	NA
39.065533118	NA
39.078046738	NA
39.090550218	NA
39.103019898	NA
39.115487698	NA
39.127942698	NA
39.140384618	NA
39.152825718	NA
39.165263878	NA
39.177687198	NA
39.190099998	NA
39.202479998	NA
39.214851578	NA
39.227213498	NA
39.239570018	NA
39.251924598	NA
39.264262998	NA
39.276595338	NA
39.288907878	NA
39.301220178	NA
39.313520578	NA
39.325799294	NA
39.338076614	NA
39.350337734	NA
39.362595574	NA
39.374833474	NA
39.387064654	NA
39.399290714	NA
39.411488074	NA
39.423656274	NA
39.435821394	NA
39.447983894	NA
39.460145614	NA
39.472281934	NA
39.484416914	NA
39.496550434	NA
39.508683874	NA
39.520776034	NA
39.532853554	NA
39.544930654	NA
39.556978054	NA
39.569023894	NA
39.581068654	NA
39.593113134	NA
39.605146254	NA
39.617171234	NA
39.629191374	NA
39.641208474	NA
39.653221414	NA
39.665230234	NA
39.677235354	NA
39.689238794	NA
39.701203094	NA
39.713146974	NA
39.725075374	NA
39.736996014	NA
39.748915534	NA
39.760831774	NA
39.772744234	NA
39.784656554	NA
39.796565754	NA
39.808473834	NA
39.820359774	NA
39.832211094	NA
39.844050234	NA
39.855868714	NA
39.867681674	NA
39.879483434	NA
39.891282254	NA
39.903042094	NA
39.914799214	NA
39.926527174	NA
39.938214334	NA
39.949895094	NA
39.961571534	NA
39.973230034	NA
39.984866834	NA
39.996502434	NA
40.008131174	NA
40.019759874	NA
40.031385834	NA
40.042998834	NA
40.054581634	NA
40.066163434	NA
40.077743754	NA
40.089307854	NA
40.100857994	NA
40.112397734	NA
40.123884314	NA
40.135369854	NA
40.146849494	NA
40.158326454	NA
40.169777134	NA
40.181214634	NA
40.192649854	NA
40.204084354	NA
40.215496794	NA
40.226903014	NA
40.238301514	NA
40.249668394	NA
40.261006474	NA
40.272344074	NA
40.283669174	NA
40.294987474	NA
40.306303494	NA
40.317605934	NA
40.328897974	NA
40.340184714	NA
40.351466394	NA
40.362733494	NA
40.373998454	NA
40.385236534	NA
40.396473774	NA
40.407706014	NA
40.418935134	NA
40.430147034	NA
40.441357794	NA
40.452556954	NA
40.463754234	NA
40.474948954	NA
40.486141774	NA
40.497332634	NA
40.508515634	NA
40.519696514	NA
40.530875114	NA
40.542053074	NA
40.553224234	NA
40.564373834	NA
40.575511334	NA
40.586638734	NA
40.597765554	NA
40.608891714	NA
40.620014374	NA
40.631134694	NA
40.642254194	NA
40.653355074	NA
40.664452834	NA
40.675533634	NA
40.686609314	NA
40.697660074	NA
40.708671074	NA
40.719673874	NA
40.730672674	NA
40.741662434	NA
40.752643254	NA
40.763606174	NA
40.774564454	NA
40.785492074	NA
40.796418154	NA
40.807335214	NA
40.818209054	NA
40.829067454	NA
40.839904094	NA
40.850726894	NA
40.861538754	NA
40.872341394	NA
40.883129314	NA
40.893916554	NA
40.904695854	NA
40.915469214	NA
40.926236894	NA
40.936992054	NA
40.947744774	NA
40.958474734	NA
40.969188814	NA
40.979893654	NA
40.990597014	NA
41.001283014	NA
41.011945814	NA
41.022595894	NA
41.033235794	NA
41.043874674	NA
41.054476754	NA
41.065073094	NA
41.075631894	NA
41.086185654	NA
41.096723214	NA
41.107250814	NA
41.117772994	NA
41.128266274	NA
41.138755774	NA
41.149207774	NA
41.159650654	NA
41.170089694	NA
41.180506814	NA
41.190909434	NA
41.201301634	NA
41.211691714	NA
41.222053154	NA
41.232401954	NA
41.242750414	NA
41.253096574	NA
41.263436014	NA
41.273769414	NA
41.284096774	NA
41.294423734	NA
41.304748134	NA
41.315048774	NA
41.325324974	NA
41.335578594	NA
41.345822414	NA
41.356059894	NA
41.366291014	NA
41.376488554	NA
41.386685154	NA
41.396880354	NA
41.407054854	NA
41.417215454	NA
41.427355454	NA
41.437493854	NA
41.447599894	NA
41.457679894	NA
41.467745374	NA
41.477802694	NA
41.487859654	NA
41.497910134	NA
41.507957494	NA
41.517999094	NA
41.528023414	NA
41.538047434	NA
41.548039934	NA
41.558032254	NA
41.568009534	NA
41.577976454	NA
41.587941554	NA
41.597898134	NA
41.607825314	NA
41.617751594	NA
41.627676634	NA
41.637595354	NA
41.647508754	NA
41.657414994	NA
41.667318874	NA
41.677216954	NA
41.687109254	NA
41.696993914	NA
41.706868114	NA
41.716737814	NA
41.726606614	NA
41.736469894	NA
41.746325474	NA
41.756178914	NA
41.766029214	NA
41.775879354	NA
41.785720554	NA
41.795559034	NA
41.805383794	NA
41.815208434	NA
41.825030434	NA
41.834844794	NA
41.844650194	NA
41.854451914	NA
41.864241194	NA
41.874019634	NA
41.883797974	NA
41.893566554	NA
41.903322314	NA
41.913073274	NA
41.922823154	NA
41.932564254	NA
41.942296574	NA
41.952027174	NA
41.961752834	NA
41.971477614	NA
41.981202014	NA
41.990873774	NA
42.000522494	NA
42.010144834	NA
42.019765174	NA
42.029385274	NA
42.038999614	NA
42.048611614	NA
42.058221634	NA
42.067822714	NA
42.077417178	NA
42.087009178	NA
42.096597778	NA
42.106176778	NA
42.115755378	NA
42.125327278	NA
42.134894638	NA
42.144454078	NA
42.154006638	NA
42.163550958	NA
42.173089158	NA
42.182616298	NA
42.192141898	NA
42.201667018	NA
42.211179818	NA
42.220690718	NA
42.230199478	NA
42.239704158	NA
42.249197598	NA
42.258690798	NA
42.268172798	NA
42.277653038	NA
42.287124758	NA
42.296582678	NA
42.306032918	NA
42.315465518	NA
42.324890558	NA
42.334304678	NA
42.343706638	NA
42.353099558	NA
42.362489078	NA
42.371873838	NA
42.381256398	NA
42.390636398	NA
42.400008098	NA
42.409378298	NA
42.418748498	NA
42.428114998	NA
42.437478898	NA
42.446830198	NA
42.456171918	NA
42.465504318	NA
42.474820238	NA
42.484132898	NA
42.493442658	NA
42.502741458	NA
42.512038098	NA
42.521322398	NA
42.530606438	NA
42.539886058	NA
42.549165178	NA
42.558439978	NA
42.567702858	NA
42.576965658	NA
42.586220358	NA
42.595431138	NA
42.604633038	NA
42.613832078	NA
42.623030758	NA
42.632223398	NA
42.641410958	NA
42.650591258	NA
42.659771338	NA
42.668951098	NA
42.678120298	NA
42.687274938	NA
42.696428478	NA
42.705556958	NA
42.714676118	NA
42.723784598	NA
42.732890598	NA
42.741986958	NA
42.751063658	NA
42.760133018	NA
42.769191578	NA
42.778245218	NA
42.787282658	NA
42.796314758	NA
42.805343558	NA
42.814370638	NA
42.823388958	NA
42.832400498	NA
42.841409858	NA
42.850417858	NA
42.859415858	NA
42.868407758	NA
42.877359438	NA
42.886310718	NA
42.895253518	NA
42.904194078	NA
42.913132158	NA
42.922065938	NA
42.930999638	NA
42.939919538	NA
42.948827098	NA
42.957732778	NA
42.966637258	NA
42.975528658	NA
42.984419338	NA
42.993304018	NA
43.002170578	NA
43.011037138	NA
43.019894118	NA
43.028748318	NA
43.037602198	NA
43.046448158	NA
43.055291718	NA
43.064117278	NA
43.072937278	NA
43.081750958	NA
43.090563758	NA
43.099371278	NA
43.108178678	NA
43.116984638	NA
43.125766838	NA
43.134534798	NA
43.143294458	NA
43.152051938	NA
43.160795738	NA
43.169537738	NA
43.178252158	NA
43.186959558	NA
43.195666518	NA
43.204368918	NA
43.213045058	NA
43.221716858	NA
43.230368858	NA
43.238983738	NA
43.247585578	NA
43.256185578	NA
43.264776978	NA
43.273338498	NA
43.281873198	NA
43.290407398	NA
43.298930928	NA
43.307449768	NA
43.315967208	NA
43.324475448	NA
43.332982648	NA
43.341485148	NA
43.349986908	NA
43.358472428	NA
43.366954928	NA
43.375435688	NA
43.383908828	NA
43.392377948	NA
43.400842068	NA
43.409299548	NA
43.417743228	NA
43.426173188	NA
43.434586388	NA
43.442992308	NA
43.451386548	NA
43.459771188	NA
43.468128668	NA
43.476456988	NA
43.484785288	NA
43.493078308	NA
43.501339028	NA
43.509598228	NA
43.517853408	NA
43.526107708	NA
43.534360188	NA
43.542601788	NA
43.550831388	NA
43.559057328	NA
43.567278828	NA
43.575491868	NA
43.583691488	NA
43.591890848	NA
43.600072608	NA
43.608248608	NA
43.616424208	NA
43.624594728	NA
43.632759728	NA
43.640913908	NA
43.649054048	NA
43.657156928	NA
43.665218728	NA
43.673280368	NA
43.681337168	NA
43.689384428	NA
43.697430748	NA
43.705458908	NA
43.713487068	NA
43.721514808	NA
43.729540828	NA
43.737544828	NA
43.745547548	NA
43.753548668	NA
43.761540768	NA
43.769532128	NA
43.777509188	NA
43.785478708	NA
43.793437428	NA
43.801380468	NA
43.809320068	NA
43.817251668	NA
43.825170228	NA
43.833087408	NA
43.841002848	NA
43.848904848	NA
43.856799808	NA
43.864690768	NA
43.872571728	NA
43.880446928	NA
43.888304988	NA
43.896143208	NA
43.903980408	NA
43.911812748	NA
43.919635428	NA
43.927441008	NA
43.935246528	NA
43.943050128	NA
43.950852128	NA
43.958644348	NA
43.966432348	NA
43.974218848	NA
43.982004948	NA
43.98978006	NA
43.99754782	NA
44.00530802	NA
44.01306298	NA
44.02080698	NA
44.02854928	NA
44.03627068	NA
44.04396298	NA
44.05165066	NA
44.05932754	NA
44.06699338	NA
44.0746545	NA
44.08229976	NA
44.08994448	NA
44.09757612	NA
44.10520428	NA
44.11282728	NA
44.12039646	NA
44.12795256	NA
44.1354996	NA
44.14304324	NA
44.15058528	NA
44.15812372	NA
44.16565302	NA
44.17318082	NA
44.18070582	NA
44.1882219	NA
44.1956867	NA
44.2031431	NA
44.2105859	NA
44.2179968	NA
44.22540056	NA
44.23280012	NA
44.24018358	NA
44.24756498	NA
44.25494366	NA
44.26230312	NA
44.26965924	NA
44.27701164	NA
44.2843636	NA
44.2917086	NA
44.29905288	NA
44.3063922	NA
44.31370108	NA
44.321007	NA
44.32830582	NA
44.33558712	NA
44.3428672	NA
44.35013536	NA
44.35740108	NA
44.36466048	NA
44.37191888	NA
44.3791694	NA
44.38639696	NA
44.39362396	NA
44.40084456	NA
44.40805616	NA
44.41526338	NA
44.42246978	NA
44.4296731	NA
44.43686402	NA
44.44405126	NA
44.45123118	NA
44.45840166	NA
44.465569502	NA
44.472735662	NA
44.479893262	NA
44.487050422	NA
44.494205062	NA
44.501356422	NA
44.508499782	NA
44.515635802	NA
44.522768746	NA
44.529880546	NA
44.536952526	NA
44.544002646	NA
44.551048646	NA
44.558092046	NA
44.565118466	NA
44.572133666	NA
44.579142186	NA
44.586127146	NA
44.593081146	NA
44.600025306	NA
44.606959706	NA
44.613891606	NA
44.620813686	NA
44.627730046	NA
44.634616066	NA
44.641497666	NA
44.648370786	NA
44.655238626	NA
44.662099986	NA
44.668953986	NA
44.675804986	NA
44.682653386	NA
44.689495546	NA
44.696335546	NA
44.703155546	NA
44.709972406	NA
44.716768846	NA
44.723538426	NA
44.730294426	NA
44.737041666	NA
44.743786626	NA
44.750516946	NA
44.757244446	NA
44.763964606	NA
44.770682326	NA
44.777398826	NA
44.784114986	NA
44.790830986	NA
44.797545386	NA
44.804257886	NA
44.810951286	NA
44.817632646	NA
44.824312146	NA
44.830984346	NA
44.837650826	NA
44.844314586	NA
44.850972506	NA
44.857629266	NA
44.864276466	NA
44.870915826	NA
44.877553626	NA
44.884179226	NA
44.890795786	NA
44.897409806	NA
44.904015206	NA
44.910600806	NA
44.917177926	NA
44.923744486	NA
44.930305126	NA
44.936857342	NA
44.943398662	NA
44.949934662	NA
44.956455862	NA
44.962970662	NA
44.969478402	NA
44.975983362	NA
44.982487002	NA
44.988985322	NA
44.995479362	NA
45.001972362	NA
45.008443722	NA
45.014909078	NA
45.021371218	NA
45.027830458	NA
45.034288858	NA
45.040746958	NA
45.047199838	NA
45.053644838	NA
45.060088458	NA
45.066525158	NA
45.072943878	NA
45.079352598	NA
45.085752438	NA
45.092148978	NA
45.098522598	NA
45.104885358	NA
45.111241998	NA
45.117591998	NA
45.123891258	NA
45.130176318	NA
45.136455438	NA
45.142731158	NA
45.148997278	NA
45.155259758	NA
45.161504878	NA
45.167746878	NA
45.173972638	NA
45.180197038	NA
45.186394338	NA
45.192585258	NA
45.198774958	NA
45.204961438	NA
45.211147678	NA
45.217310478	NA
45.223463778	NA
45.229603638	NA
45.235717592	NA
45.241829572	NA
45.247935972	NA
45.254028432	NA
45.260111352	NA
45.266193612	NA
45.272273612	NA
45.278353112	NA
45.284430632	NA
45.290507882	NA
45.296584962	NA
45.302649962	NA
45.308707402	NA
45.314759578	NA
45.320807158	NA
45.326846038	NA
45.332880578	NA
45.338907138	NA
45.344914018	NA
45.350914978	NA
45.356912578	NA
45.362903618	NA
45.368891718	NA
45.374869208	NA
45.380845528	NA
45.386821468	NA
45.392783708	NA
45.398734512	NA
45.404681712	NA
45.410623112	NA
45.416562332	NA
45.422498692	NA
45.428431252	NA
45.434356372	NA
45.440277772	NA
45.446189152	NA
45.452092572	NA
45.457982332	NA
45.463858412	NA
45.469722812	NA
45.475585052	NA
45.481445292	NA
45.487301792	NA
45.493133472	NA
45.498959712	NA
45.504785652	NA
45.510610748	NA
45.516431588	NA
45.522245508	NA
45.528057468	NA
45.533847588	NA
45.539624148	NA
45.545392548	NA
45.551159908	NA
45.556915268	NA
45.562640288	NA
45.568359888	NA
45.574076968	NA
45.579786528	NA
45.585493728	NA
45.591196848	NA
45.596891048	NA
45.602581288	NA
45.608247088	NA
45.613902608	NA
45.619546538	NA
45.625190298	NA
45.630832538	NA
45.636465418	NA
45.642096778	NA
45.647711378	NA
45.653321378	NA
45.658917398	NA
45.664505198	NA
45.670088678	NA
45.675663128	NA
45.681235728	NA
45.686803368	NA
45.692356008	NA
45.697907208	NA
45.703438788	NA
45.708962048	NA
45.714458408	NA
45.719954282	NA
45.725449322	NA
45.730931402	NA
45.736396202	NA
45.741854522	NA
45.747302582	NA
45.752744182	NA
45.758183902	NA
45.763623002	NA
45.769055982	NA
45.774452802	NA
45.779830242	NA
45.785198882	NA
45.790554682	NA
45.795905602	NA
45.801252502	NA
45.806598202	NA
45.811941562	NA
45.817262702	NA
45.822576302	NA
45.827885342	NA
45.833192742	NA
45.838497462	NA
45.843794584	NA
45.849086584	NA
45.854378344	NA
45.859640464	NA
45.864898704	NA
45.870139716	NA
45.875376116	NA
45.880595036	NA
45.885807056	NA
45.891012816	NA
45.896217106	NA
45.901414866	NA
45.906586806	NA
45.911757606	NA
45.916920246	NA
45.922079406	NA
45.927206166	NA
45.932320806	NA
45.937431006	NA
45.942533846	NA
45.947635046	NA
45.952735366	NA
45.957829906	NA
45.962917946	NA
45.968004626	NA
45.973077746	NA
45.978146866	NA
45.983214166	NA
45.988260646	NA
45.993301246	NA
45.998340406	NA
46.003375606	NA
46.008409306	NA
46.013436566	NA
46.018462566	NA
46.023485886	NA
46.028500186	NA
46.033506286	NA
46.038507766	NA
46.043496646	NA
46.048479586	NA
46.053447586	NA
46.058410906	NA
46.063371526	NA
46.068329026	NA
46.073286126	NA
46.078241906	NA
46.083190606	NA
46.088136246	NA
46.093080246	NA
46.098015446	NA
46.102948166	NA
46.107876866	NA
46.112790466	NA
46.117696666	NA
46.122594286	NA
46.127491686	NA
46.132350246	NA
46.137207286	NA
46.142061046	NA
46.146907686	NA
46.15175223	NA
46.156591246	NA
46.161425146	NA
46.166253146	NA
46.171071646	NA
46.175883286	NA
46.180693386	NA
46.185485346	NA
46.190263626	NA
46.195038386	NA
46.199811646	NA
46.204569646	NA
46.209326286	NA
46.214060286	NA
46.218787986	NA
46.223511386	NA
46.228230086	NA
46.232938188	NA
46.237621548	NA
46.24225195	NA
46.24688075	NA
46.25150447	NA
46.25611463	NA
46.26071963	NA
46.265300178	NA
46.269877992	NA
46.274450128	NA
46.279010248	NA
46.283560328	NA
46.288101368	NA
46.292633498	NA
46.297157458	NA
46.301675898	NA
46.306178678	NA
46.310674598	NA
46.315169078	NA
46.319661958	NA
46.324142126	NA
46.328597186	NA
46.333052186	NA
46.337505478	NA
46.341920642	NA
46.346324902	NA
46.350726442	NA
46.355106274	NA
46.359470634	NA
46.3638318	NA
46.36818846	NA
46.37254229	NA
46.376895786	NA
46.381244026	NA
46.385589946	NA
46.389919426	NA
46.394239846	NA
46.398560006	NA
46.402877286	NA
46.407183006	NA
46.411488316	NA
46.415780156	NA
46.420070156	NA
46.424339036	NA
46.428606116	NA
46.432866996	NA
46.437112536	NA
46.44135704	NA
46.44559094	NA
46.44981374	NA
46.45403124	NA
46.45824054	NA
46.46244546	NA
46.4666377	NA
46.47081754	NA
46.47499654	NA
46.4791697	NA
46.483335668	NA
46.487497588	NA
46.491657828	NA
46.495814628	NA
46.499952928	NA
46.504081888	NA
46.508203168	NA
46.512295648	NA
46.516374268	NA
46.520452528	NA
46.524525376	NA
46.528595636	NA
46.532655436	NA
46.536710036	NA
46.540752096	NA
46.544758512	NA
46.548760932	NA
46.552722732	NA
46.556674332	NA
46.560624558	NA
46.564549518	NA
46.568461634	NA
46.572362114	NA
46.576252814	NA
46.580142726	NA
46.58402595	NA
46.58790189	NA
46.59175989	NA
46.595613894	NA
46.599446394	NA
46.603250994	NA
46.607054066	NA
46.610837066	NA
46.614599566	NA
46.618354302	NA
46.622100638	NA
46.625836398	NA
46.629569598	NA
46.633291102	NA
46.637007742	NA
46.640713342	NA
46.644411582	NA
46.648100382	NA
46.651777566	NA
46.655453646	NA
46.659128394	NA
46.662802554	NA
46.666447226	NA
46.670089346	NA
46.673704226	NA
46.677277026	NA
46.680844558	NA
46.684411732	NA
46.687954072	NA
46.69145473	NA
46.69493257	NA
46.69840747	NA
46.70188075	NA
46.705332958	NA
46.708782514	NA
46.712222034	NA
46.715654778	NA
46.719086164	NA
46.722507124	NA
46.72591063	NA
46.729285602	NA
46.732611902	NA
46.735928204	NA
46.739240204	NA
46.742536668	NA
46.745827388	NA
46.749100944	NA
46.752371904	NA
46.755639744	NA
46.758892344	NA
46.762140152	NA
46.765368056	NA
46.768585556	NA
46.771798556	NA
46.774996208	NA
46.778184544	NA
46.781359784	NA
46.784533604	NA
46.787693244	NA
46.790845724	NA
46.793978724	NA
46.797111366	NA
46.800193342	NA
46.803262702	NA
46.806315726	NA
46.80936563	NA
46.812395264	NA
46.815410636	NA
46.818409476	NA
46.821403236	NA
46.82437482	NA
46.827326604	NA
46.830271158	NA
46.8332037	NA
46.83613586	NA
46.83904052	NA
46.84190729	NA
46.84476929	NA
46.847599084	NA
46.850421764	NA
46.853220772	NA
46.855981372	NA
46.858727722	NA
46.86145681	NA
46.86415405	NA
46.866846194	NA
46.869522034	NA
46.872159682	NA
46.874793214	NA
46.877401898	NA
46.88000429	NA
46.88259093	NA
46.88516997	NA
46.887746868	NA
46.89031766	NA
46.892866664	NA
46.895407384	NA
46.897931344	NA
46.900422184	NA
46.902912144	NA
46.90540011	NA
46.907846506	NA
46.910279492	NA
46.912700474	NA
46.915119872	NA
46.917514082	NA
46.919902082	NA
46.922288316	NA
46.924656572	NA
46.927020932	NA
46.929372932	NA
46.931703932	NA
46.934002172	NA
46.936294332	NA
46.9385746	NA
46.940845288	NA
46.943105386	NA
46.94532734	NA
46.947538354	NA
46.949702074	NA
46.951853384	NA
46.953963066	NA
46.956057074	NA
46.958151026	NA
46.96023893	NA
46.962297472	NA
46.964323936	NA
46.966338684	NA
46.968315262	NA
46.970266774	NA
46.972161094	NA
46.974048934	NA
46.975932088	NA
46.977809296	NA
46.979647612	NA
46.981450532	NA
46.98319174	NA
46.98492949	NA
46.98664261	NA
46.98833053	NA
46.990009442	NA
46.991474334	NA
46.99293626	NA
46.9943909	NA
46.995829016	NA
46.997264516	NA
46.998682676	NA
47.000003112	NA
47.001220372	NA
47.002406164	NA
47.00317576	NA
